#############################################################
Isuzu Kyushu Errors: 

Data Collection lasted for 3 minutes and 46.1 seconds.
Error checking completed within 10 minutes and 26.3 seconds.
Finished checking on Wednesday, 24. April 2019 08:01PM 
#############################################################

No Main Image:
111416677
-------------------------------------------------------------
Japanese Characters:
No issues
-------------------------------------------------------------
Unknown Year/Make/Model:
111400169, 

Shuppin: 

1035, 
-------------------------------------------------------------
Unknown Chassis Prefix:
No issues
-------------------------------------------------------------
No Transmission/Color/Fuel Type:
111416677, 111416616, 111416650, 111425862, 111400199, 111400214, 111410160, 111410139, 111400178, 111400174, 111400169, 111400201, 111410214, 111410159, 111405893, 111416612, 111416613, 111405885, 111425852

Shuppin: 

6066, 1130, 6030, 1146, 1013, 1040, 1131, 1100, 1052, 1046, 1035, 1017, 6084, 1126, 3070, 1109, 1113, 3052, 
-------------------------------------------------------------
No Equipment:
No issues
-------------------------------------------------------------
Additional Photos Show 'No Foto':
No issues
-------------------------------------------------------------
No Auction Sheet:
111400655, 111416631, 111400190, 111416639, 111400191, 111404950, 111400189, 111416657, 111425870, 111399496, 111416637, 111425876, 111416658, 111425855, 111400182, 111416609, 111400652, 111400653, 111416608, 111428552, 111400185, 111400155, 111400180, 111416616, 111425862, 111428551, 111400156, 111400158, 111400186, 111400223, 111405876, 111400222, 111405879, 111410158, 111400228, 111400212, 111400199, 111400218, 111425852, 111425857, 111405880, 111410140, 111410141, 111410153, 111407166, 111416687, 111425850, 111410194, 111429698, 111416626, 111400239, 111425883, 111416617, 111416619, 111404948, 111400235, 111416625, 111404942, 111425864, 111410146, 111400198, 111400195, 111425863, 111400194, 111400204, 111400208, 111400219, 111400203, 111410155, 111400210, 111400226, 111400216, 111400220, 111416628, 111400236, 111400258, 111416618, 111400255, 111416668, 111425877, 111425873, 111416674, 111425881, 111429699, 111425879, 111425882, 111425878, 111416629, 111416621, 111404929, 111404938, 111400238, 111416638, 111425866, 111404931, 111416633, 111425880, 111404933, 111404947, 111400254, 111400242, 111400250, 111416656, 111429696, 111400237, 111416630, 111404936, 111404940, 111400244, 111404941, 111404937, 111400246, 111416622, 111404944, 111404939, 111416627, 111425874, 111400654, 111400240, 111404945, 111400209, 111400234, 111400214, 111425851, 111410142, 111400162, 111400164, 111400165, 111410149, 111425854, 111410150, 111410156, 111425860, 111400157, 111404926, 111400166, 111400163, 111416678, 111400179, 111400173, 111410145, 111416615, 111400159, 111400211, 111400221, 111405877, 111405878, 111410132, 111410144, 111410133, 111410152, 111410157, 111400213, 111410154, 111400227, 111400193, 111410138, 111400207, 111410139, 111400205, 111400206, 111410128, 111400197, 111416671, 111400178, 111429694, 111400177, 111410136, 111410137, 111400176, 111400174, 111404928, 111400181, 111400188, 111404927, 111410129, 111410130, 111425858, 111400161, 111416614, 111400160, 111416634, 111400169, 111410127, 111400168, 111410131, 111410147, 111400201, 111400225, 111400200, 111410159, 111407165, 111400332, 111416686, 111404930, 111416669, 111425869, 111399495, 111416611, 111400651, 111400187, 111400183, 111416612, 111400167, 111416610, 111400175, 111400184, 111405892, 111410201, 111425868, 111410167, 111425875, 111405886, 111400229, 111405888, 111405891, 111400231, 111400247, 111405887, 111400245, 111410204, 111425867, 111400251, 111400257, 111405894, 111410169, 111410170, 111410166, 111400233, 111400232, 111410173, 111405882, 111400230, 111400260, 111410162, 111405896, 111410163, 111405897, 111410168, 111405883, 111410209, 111425871, 111405899, 111410164, 111400253, 111405895, 111410210, 111400217, 111410199, 111405881, 111410134, 111410182, 111400656, 111416624, 111429697, 111400241, 111410180, 111410181, 111410171, 111400256, 111404952, 111410172, 111404935, 111405900, 111399498, 111407163, 111405889, 111400252, 111399497, 111416632, 111410174, 111405884, 111410177, 

Shuppin: 

3056, 3116, 3017, 6009, 3025, 3088, 3015, 6039, 3131, 3019, 6006, 3139, 6041, 1138, 1058, 1086, 1077, 1082, 1081, 1151, 1065, 1002, 1054, 1130, 1146, 1145, 1004, 1009, 1068, 1063, 1078, 1060, 1084, 1124, 1070, 1036, 1013, 1048, 1134, 1140, 1085, 1101, 1102, 1119, 5006, 6502, 1132, 6025, 3152, 3107, 3012, 3155, 3079, 3098, 3084, 3007, 3105, 3067, 1148, 1108, 1010, 1005, 1147, 1003, 1021, 1030, 1050, 1019, 1121, 1032, 1067, 1044, 1056, 3109, 3008, 3038, 3090, 3033, 6053, 3140, 3134, 6062, 3149, 3158, 3145, 3154, 3143, 3112, 3101, 3036, 3061, 3011, 6007, 3127, 3040, 3119, 3146, 3045, 3083, 3032, 3016, 3028, 6038, 3147, 3010, 3113, 3054, 3063, 3020, 3065, 3060, 3022, 3102, 3072, 3062, 3108, 3135, 3049, 3013, 3077, 1031, 3006, 1040, 1133, 1104, 1020, 1023, 1024, 1112, 1137, 1114, 1122, 1143, 1007, 1074, 1025, 1022, 6067, 1053, 1042, 1107, 1129, 1011, 1033, 1057, 1079, 1083, 1091, 1106, 1092, 1116, 1123, 1039, 1120, 1069, 1001, 1099, 1029, 1100, 1027, 1028, 1062, 1008, 6058, 1052, 1159, 1051, 1096, 1098, 1049, 1046, 1080, 1055, 1072, 1076, 1087, 1088, 1141, 1016, 1127, 1015, 6002, 1035, 1012, 1034, 1090, 1110, 1017, 1066, 1014, 1126, 5003, 3064, 6501, 3037, 6054, 3130, 3009, 1097, 1075, 1071, 1059, 1109, 1026, 1089, 1047, 1061, 3068, 6055, 3129, 3097, 3136, 3053, 3001, 3057, 3066, 3003, 3023, 3055, 3021, 6063, 3128, 3029, 3035, 3071, 3110, 3111, 3096, 3005, 3004, 3118, 3041, 3002, 3043, 3080, 3074, 3085, 3076, 3100, 3046, 6077, 3132, 3087, 3089, 3031, 3073, 6078, 1045, 6042, 1117, 1093, 5005, 3081, 3104, 3150, 3014, 5002, 5004, 3114, 3034, 3094, 3115, 3050, 3095, 3039, 3092, 3058, 3030, 3026, 3117, 3120, 3047, 3123, 
-------------------------------------------------------------
