#############################################################
USS Tokyo Errors: 

Data Collection lasted for 41 minutes and 27.8 seconds.
Error checking completed within 0.1 seconds.
Finished checking on Thursday, 28. November 2019 07:19AM 
#############################################################

No Main Image:
No issues
-------------------------------------------------------------
Japanese Characters:
115547955, 115547845, 115547754, 115547747, 115547897, 115547942, 115547569, 115547384, 115547832, 115547956, 115547931, 115547342, 115547802, 115547555, 115547811, 115547772, 115547819, 115547908, 115547446, 115547411, 115547911, 115547834, 115547533, 115547745, 115547864, 115548106, 115548109, 115547447, 115547740, 115547797, 115547366, 115547734, 115547932, 115547785, 115547860, 115547741, 115547837, 115547886, 115547862, 115547820, 115547490, 115547791, 115547919, 115547843, 115547939, 115547735, 115547770, 115547818, 115547867, 115547379, 115548123, 115547728, 115533718, 115534141, 115547902, 115547337, 115547914, 115547807, 115547823, 115547525, 115547695, 115546519, 115545920, 115546353, 115545940, 115546462, 115546079, 115546346, 115546729, 115545486, 115545450, 115546037, 115546694, 115546363, 115546378, 115546493, 115546012, 115546345, 115546726, 115546757, 115546032, 115546283, 115546290, 115545420, 115546135, 115546714, 115546286, 115545353, 115546122, 115546002, 115545479, 115545937, 115546756, 115546086, 115545361, 115545825, 115545999, 115546132, 115545356, 115545991, 115546676, 115546681, 115546719, 115546695, 115546211, 115546691, 115545463, 115545998, 115546718, 115545898, 115546020, 115546198, 115546458, 115545643, 115545501, 115546010, 115546022, 115546675, 115546705, 115546390, 115546721, 115546234, 115546760, 115546048, 115546116, 115546131, 115545410, 115547875, 115546054, 115545734, 115545478, 115546068, 115545451, 115546045, 115545671, 115545415, 115546134, 115546216, 115546063, 115545705, 115545651, 115545447, 115545794, 115548493, 115545359, 115545874, 115545781, 115545722, 115545623, 115545589, 115545612, 115546008, 115545408, 115546034, 115545269, 115545145, 115548157, 115545210, 115549879, 115545189, 115549877, 115545143, 115545235, 115549894, 115545258, 115545212, 115548140, 115545236, 115549229, 115548135, 115549856, 115548888, 115545219, 115545174, 115545128, 115545058, 115548891, 115547892, 115547850, 115547000, 115547029, 115546490, 115546498, 115546489, 115545503, 115548041, 115546232, 115545097, 115546055, 115546763, 115546287, 115546347, 115546734, 115546317, 115545405, 115545504, 115545431, 115546728, 115546612, 115546233, 115547042, 115547024, 115546572, 115546613, 115546582, 115546586, 115546589, 115546566, 115546989, 115546140, 115546996, 115545954, 115546066, 115545088, 115546386, 115545115, 115546109, 115546035, 115546801, 115547768, 115546947, 115545641, 115546209, 115546361, 115547077, 115548338, 115546935, 115546164, 115547033, 115549748, 115546229, 115545877, 115546005, 115545584, 115545992, 115546367, 115546225, 115546106, 115545949, 115546149, 115547059, 115547040, 115547063, 115547008, 115547072, 115545927, 115545660, 115545707, 115545622, 115545608, 115546069, 115545737, 115545771, 115545738, 115545674, 115545994, 115545715, 115545627, 115545675, 115545592, 115545731, 115546993, 115546515, 115545366, 115545987, 115546114, 115546459, 115545865, 115545948, 115546338, 115548477, 115546062, 115545401, 115545859, 115546373, 115545861, 115545915, 115546492, 115548502, 115546112, 115545628, 115545588, 115545393, 115545739, 115546194, 115547109, 115547099, 115546325, 115546333, 115546157, 115546308, 115545625, 115545702, 115548515, 115545747, 115546098, 115545637, 115545694, 115545639, 115545496, 115547003, 115546236, 115546006, 115545824, 115546004, 115545599, 115545610, 115546334, 115545596, 115545377, 115545945, 115545670, 115546017, 115547918, 115546023, 115546219, 115533900, 115523611, 115525862, 115545187, 115549137, 115545183, 115549056, 115545274, 115549890, 115549843, 115548332, 115545144, 115545087, 115545157, 115549841, 115545155, 115548253, 115545221, 115548482, 115545168, 115549864, 115549860, 115549903, 115545229, 115549861, 115545205, 115548530, 115548508, 115548527, 115548522, 115545237, 115545218, 115545139, 115545162, 115545134, 115549136, 115548532, 115545150, 115549851, 115549874, 115549876, 115548903, 115549900, 115549866, 115549525, 115548534, 115549135, 115548232, 115549878, 115545142, 115549806, 115545153, 115549870, 115549911, 115548146, 115545047, 115545242, 115545055, 115549727, 115545197, 115548492, 115545227, 115549134, 115545146, 115545199, 115549168, 115547061, 115546190, 115546929, 115546907, 115546925, 115546845, 115545918, 115546118, 115546368, 115545862, 115546200, 115545903, 115546507, 115546452, 115546445, 115547037, 115547015, 115547502, 115547746, 115547893, 115547012, 115546735, 115546075, 115546107, 115546014, 115549902, 115548892, 115549913, 115545131, 115549795, 115549846, 115545202, 115549810, 115548533, 115549906, 115549819, 115545125, 115548894, 115545204, 115545217, 115549848, 115547218, 115547899, 115547870, 115547933, 115547872, 115545391, 115545483, 115547054, 115547047, 115547052, 115547053, 115545379, 115547078, 115545392, 115547005, 115546321, 115545713, 115548487, 115548505, 115546146, 115545593, 115545449, 115545455, 115545756, 115547073, 115547250, 115547849, 115547203, 115548531, 115545140, 115546269, 115545054, 115545198, 115545200, 115545059, 115545984, 115549828, 115545141, 115549823, 115547877, 115546201, 115546029, 115545769, 115545603, 115545792, 115545853, 115545710, 115548486, 115545652, 115545776, 115546078, 115546168, 115545386, 115545693, 115545785, 115546803, 115545997, 115545413, 115546474, 115546468, 115546181, 115545364, 115545441, 115546511, 115546457, 115545950, 115546061, 115545923, 115545388, 115546206, 115547952, 115547547, 115546177, 115545303, 115545306, 115545305, 115546208, 115548513, 115545910, 115545985, 115545407, 115546314, 115545919, 115545371, 115545880, 115546762, 115546751, 115545476, 115545892, 115546202, 115546749, 115546741, 115546702, 115546192, 115548437, 115545906, 115545974, 115545902, 115546163, 115546138, 115545963, 115548517, 115545575, 115545499, 115546191, 115545782, 115545704, 115545966, 115545912, 115546926, 115549198, 115549180, 115548889, 115545160, 115546603, 115547056, 115546512, 115546487, 115546024, 115546535, 115546829, 115545466, 115545491, 115546167, 115546846, 115546835, 115546910, 115546843, 115546284, 115546041, 115545452, 115546517, 115545316, 115545311, 115545290, 115545951, 115546355, 115545320, 115545929, 115545939, 115545469, 115545380, 115546360, 115546322, 115546165, 115545294, 115545078, 115546185, 115547895, 115547848, 115547839, 115547840, 115547830, 115545838, 115546064, 115545957, 115546923, 115547817, 115546124, 115547853, 115547729, 115547377, 115547903, 115547815, 115547350, 115547373, 115547883, 115546060, 115546344, 115546310, 115547885, 115547743, 115547692, 115547909, 115549171, 115549202, 115548497, 115546050, 115546684, 115545426, 115546043, 115545443, 115545484, 115545454, 115545404, 115545901, 115545500, 115545322, 115545899, 115545784, 115546309, 115545616, 115546222, 115545721, 115545708, 115545586, 115546073, 115545761, 115545725, 115545848, 115545429, 115546182, 115545703, 115545696, 115545926, 115545402, 115546057, 115545683, 115545760, 115546337, 115545653, 115545472, 115546036, 115548507, 115548500, 115545461, 115545419, 115546282, 115545745, 115545686, 115545482, 115545758, 115545709, 115545578, 115546126, 115548427, 115545869, 115545299, 

Shuppin: 

75953, 75844, 75753, 75746, 75896, 75940, 74269, 74086, 75831, 75954, 75929, 74044, 75801, 74255, 75810, 75771, 75818, 75906, 74147, 74112, 75909, 75833, 74233, 75744, 75863, 77272, 77275, 74148, 75739, 75797, 74068, 75733, 75930, 75784, 75859, 75740, 75836, 75885, 75861, 75819, 74191, 75791, 75917, 75842, 75937, 75734, 75769, 75817, 75866, 74081, 77289, 75727, 73459, 73982, 75900, 74039, 75912, 75806, 75822, 74225, 75695, 30477, 26072, 29222, 26092, 30420, 26231, 29215, 35483, 20736, 20700, 26189, 35448, 29232, 29247, 30451, 26164, 29214, 35480, 35511, 26184, 29152, 29159, 20670, 26287, 35468, 29155, 20603, 26274, 26154, 20729, 26089, 35510, 26238, 20611, 25852, 26151, 26284, 20606, 26143, 35430, 35435, 35473, 35449, 26363, 35445, 20713, 26150, 35472, 26050, 26172, 26350, 30416, 23687, 20751, 26162, 26174, 35429, 35459, 29259, 35475, 26386, 35514, 26200, 26268, 26283, 20660, 75874, 26206, 23778, 20728, 26220, 20701, 26197, 23715, 20665, 26286, 26368, 26215, 23749, 23695, 20697, 23838, 80559, 20609, 26025, 23825, 23766, 23667, 23633, 23656, 26160, 20658, 26186, 1172, 1048, 802, 1113, 964, 1092, 962, 1046, 1138, 979, 1161, 1115, 785, 1139, 872, 780, 941, 825, 1122, 1077, 1031, 1019, 828, 75891, 75849, 50289, 50318, 30448, 30456, 30447, 20753, 77206, 26384, 10249, 26207, 35517, 29156, 29216, 35488, 29186, 20655, 20754, 20681, 35482, 3235, 26385, 50331, 50313, 3195, 3236, 3205, 3209, 3212, 3189, 50277, 26292, 50284, 26106, 26218, 10240, 29255, 10265, 26261, 26187, 40603, 75767, 40752, 23685, 26361, 29230, 50366, 80405, 40740, 26316, 50322, 87720, 26381, 26028, 26157, 23628, 26144, 29236, 26377, 26258, 26101, 26301, 50348, 50329, 50352, 50297, 50361, 26079, 23704, 23751, 23666, 23652, 26221, 23781, 23815, 23782, 23718, 26146, 23759, 23671, 23719, 23636, 23775, 50281, 30473, 20616, 26139, 26266, 30417, 26016, 26100, 29207, 80543, 26214, 20651, 26008, 29242, 26011, 26067, 30450, 80568, 26264, 23672, 23632, 20643, 23783, 26346, 65126, 65116, 29194, 29202, 26309, 29177, 23669, 23746, 80581, 23791, 26250, 23681, 23738, 23683, 20746, 50292, 26388, 26158, 25851, 26156, 23643, 23654, 29203, 23640, 20627, 26097, 23714, 26169, 75916, 26175, 26371, 73672, 73305, 75279, 1090, 859, 1086, 845, 1177, 975, 928, 804, 1047, 1024, 1060, 926, 1058, 80321, 1124, 80548, 1071, 949, 945, 988, 1132, 946, 1108, 815, 80574, 812, 807, 1140, 1121, 1042, 1065, 1037, 858, 817, 1053, 936, 959, 961, 840, 985, 951, 875, 819, 857, 803, 963, 1045, 891, 1056, 955, 996, 791, 1008, 1145, 1016, 877, 1100, 80558, 1130, 856, 1049, 1102, 87138, 50350, 26342, 40734, 40712, 40730, 40649, 26070, 26270, 29237, 26012, 26352, 26055, 30465, 30410, 30403, 50326, 50304, 74202, 75745, 75892, 50301, 35489, 26227, 26259, 26166, 987, 829, 998, 1034, 880, 931, 1105, 895, 818, 991, 904, 1028, 831, 1107, 1120, 933, 70403, 75898, 75869, 75931, 75871, 20641, 20733, 50343, 50336, 50341, 50342, 20629, 50367, 20642, 50294, 29190, 23757, 80553, 80571, 26298, 23637, 20699, 20705, 23800, 50362, 70435, 75848, 70388, 816, 1043, 29138, 1015, 1101, 1103, 1020, 26136, 913, 1044, 908, 75876, 26353, 26181, 23813, 23647, 23836, 25998, 23754, 80552, 23696, 23820, 26230, 26320, 20636, 23737, 23829, 40605, 26149, 20663, 30432, 30426, 26333, 20614, 20691, 30469, 30415, 26102, 26213, 26075, 20638, 26358, 75950, 74247, 26329, 12227, 12230, 12229, 26360, 80579, 26062, 26137, 20657, 29183, 26071, 20621, 26031, 35516, 35505, 20726, 26043, 26354, 35503, 35495, 35456, 26344, 80503, 26058, 26126, 26054, 26315, 26290, 26115, 80583, 23619, 20749, 26343, 23826, 23748, 26118, 26064, 40731, 87169, 87151, 826, 1063, 3226, 50345, 30470, 30445, 26176, 30493, 40633, 20716, 20741, 26319, 40650, 40639, 40715, 40647, 29153, 26193, 20702, 30475, 12240, 12235, 12214, 26103, 29224, 12244, 26081, 26091, 20719, 20630, 29229, 29191, 26317, 12218, 10231, 26337, 75894, 75847, 75838, 75839, 75829, 25918, 26216, 26109, 40728, 75816, 26276, 75852, 75728, 74079, 75901, 75814, 74052, 74075, 75882, 26212, 29213, 29179, 75884, 75742, 75692, 75907, 87141, 87173, 80563, 26202, 35438, 20676, 26195, 20693, 20734, 20704, 20654, 26053, 20750, 12246, 26051, 23828, 29178, 23660, 26374, 23765, 23752, 23630, 26225, 23805, 23769, 25972, 20679, 26334, 23747, 23740, 26078, 20652, 26209, 23727, 23804, 29206, 23697, 20722, 26188, 80573, 80566, 20711, 20669, 29151, 23789, 23730, 20732, 23802, 23753, 23622, 26278, 80494, 26020, 12223, 
-------------------------------------------------------------
Unknown Year/Make/Model:
115523989, 115547200, 115547336, 115548407, 115523328, 115545868, 115526606, 115523153, 115547222, 115549884, 115524068, 115547121, 115547181, 115547827, 115547723, 115547762, 115523213, 115526605, 115523977, 115547730, 115523226, 115523253, 115533919, 115526591, 115526656, 115526593, 115547777, 115547958, 115523917, 115523945, 115547763, 115523747, 115528741, 115523898, 115527938, 115530469, 115525708, 115533046, 115526078, 115544920, 115544944, 115530589, 115530792, 115546351, 115528347, 115528201, 115528166, 115533045, 115532992, 115530319, 115545648, 115545844, 115544927, 115528123, 

Shuppin: 

75297, 70385, 74038, 80474, 70143, 26019, 70236, 65024, 70407, 969, 75395, 65138, 70366, 75826, 75722, 75761, 70008, 70234, 75282, 75729, 70023, 70055, 73693, 70183, 70338, 70185, 75776, 75956, 75206, 75241, 75762, 75008, 75444, 75183, 20404, 25310, 35178, 23471, 29091, 25966, 25995, 25442, 25661, 29220, 23252, 23100, 23064, 23470, 23417, 25147, 23692, 25956, 25975, 23018, 
-------------------------------------------------------------
Unknown Chassis Prefix:
115548519, 115547121, 115523178, 115523270, 115523352, 115548018, 115548520, 115548105, 115523349, 115524467, 115547195, 115523358, 115523359, 115547181, 115533652, 115523191, 115547900, 115525860, 115547220, 115547199, 115547827, 115526660, 115526659, 115523972, 115547723, 115547762, 115523213, 115547998, 115547191, 115526605, 115523977, 115523813, 115547730, 115528691, 115523203, 115534224, 115548027, 115533958, 115547243, 115523256, 115547212, 115523226, 115523253, 115526639, 115523219, 115526598, 115533667, 115526692, 115526588, 115523229, 115528722, 115526590, 115523342, 115523986, 115523230, 115523877, 115523559, 115547107, 115547301, 115525837, 115536783, 115547590, 115547176, 115547164, 115533919, 115526591, 115526656, 115547257, 115525107, 115526596, 115523973, 115547171, 115524087, 115526631, 115526621, 115536635, 115536703, 115547182, 115523878, 115526593, 115547198, 115547194, 115526684, 115547613, 115547178, 115547593, 115526592, 115525815, 115547888, 115547777, 115526580, 115547958, 115523917, 115523198, 115525832, 115526599, 115523825, 115523282, 115523945, 115547763, 115525816, 115523747, 115525814, 115528741, 115523898, 115548423, 115536613, 115523227, 115547190, 115523760, 115525835, 115523228, 115526589, 115523838, 115524108, 115524063, 115523225, 115547806, 115547634, 115523969, 115523217, 

Shuppin: 

80585, 65138, 65052, 70075, 70206, 77183, 80586, 77271, 70203, 84257, 70380, 70214, 70215, 70366, 70312, 65068, 75899, 75267, 70405, 70384, 75826, 70349, 70345, 75275, 75722, 75761, 70008, 77163, 70376, 70234, 75282, 75083, 75729, 65085, 65090, 80050, 77193, 73781, 70428, 70059, 70397, 70023, 70055, 70300, 70015, 70196, 70346, 75247, 70178, 70027, 75155, 70182, 70161, 75294, 70028, 75157, 73242, 65124, 74003, 70202, 75576, 75533, 70361, 70221, 73693, 70183, 70338, 70442, 73105, 70192, 75277, 70356, 75419, 70286, 70267, 75586, 70186, 70367, 75160, 70185, 70383, 70379, 75202, 75556, 70363, 75536, 70184, 70022, 75887, 75776, 70044, 75956, 75206, 65076, 70158, 70197, 75095, 70090, 75241, 75762, 70025, 75008, 70011, 75444, 75183, 80490, 75460, 70024, 70375, 75022, 70168, 70026, 70179, 75109, 77020, 75390, 70021, 75805, 75622, 75272, 70013, 
-------------------------------------------------------------
No Transmission/Color/Fuel Type:
115533832, 115533842, 115547391, 115523989, 115523703, 115547261, 115547098, 115544977, 115534245, 115526276, 115526506, 115533478, 115525037, 115533506, 115533463, 115531151, 115548107, 115547096, 115522624, 115548519, 115547121, 115523178, 115523270, 115523352, 115548018, 115548520, 115548105, 115524467, 115547195, 115523358, 115523359, 115547181, 115533652, 115523191, 115547900, 115525860, 115547220, 115547199, 115547827, 115526660, 115526659, 115523972, 115547723, 115547762, 115523213, 115547998, 115547191, 115526605, 115523977, 115523813, 115547730, 115528691, 115523203, 115534224, 115548027, 115533958, 115547243, 115523256, 115547212, 115523226, 115523253, 115526639, 115523219, 115526598, 115533667, 115526692, 115526588, 115523229, 115528722, 115526590, 115523342, 115523986, 115523230, 115523877, 115523559, 115547107, 115547301, 115525837, 115536783, 115547590, 115547176, 115547164, 115533919, 115526591, 115526656, 115547257, 115525107, 115526596, 115523973, 115547171, 115524087, 115526631, 115526621, 115536635, 115536703, 115547182, 115523878, 115526593, 115547198, 115547194, 115526684, 115547613, 115547178, 115547593, 115526592, 115525815, 115547888, 115547777, 115526580, 115547958, 115523917, 115523198, 115525832, 115526599, 115523825, 115523282, 115523945, 115547763, 115525816, 115523747, 115525814, 115528741, 115523898, 115548423, 115536613, 115523227, 115547190, 115523760, 115525835, 115523228, 115526589, 115523838, 115524108, 115524063, 115523225, 115547806, 115547634, 115523969, 115523217, 

Shuppin: 

73593, 73605, 74093, 75297, 73705, 70446, 65115, 3168, 80096, 40091, 65056, 40499, 86835, 40527, 40484, 86885, 77273, 65113, 29060, 80585, 65138, 65052, 70075, 70206, 77183, 80586, 77271, 84257, 70380, 70214, 70215, 70366, 70312, 65068, 75899, 75267, 70405, 70384, 75826, 70349, 70345, 75275, 75722, 75761, 70008, 77163, 70376, 70234, 75282, 75083, 75729, 65085, 65090, 80050, 77193, 73781, 70428, 70059, 70397, 70023, 70055, 70300, 70015, 70196, 70346, 75247, 70178, 70027, 75155, 70182, 70161, 75294, 70028, 75157, 73242, 65124, 74003, 70202, 75576, 75533, 70361, 70221, 73693, 70183, 70338, 70442, 73105, 70192, 75277, 70356, 75419, 70286, 70267, 75586, 70186, 70367, 75160, 70185, 70383, 70379, 75202, 75556, 70363, 75536, 70184, 70022, 75887, 75776, 70044, 75956, 75206, 65076, 70158, 70197, 75095, 70090, 75241, 75762, 70025, 75008, 70011, 75444, 75183, 80490, 75460, 70024, 70375, 75022, 70168, 70026, 70179, 75109, 77020, 75390, 70021, 75805, 75622, 75272, 70013, 
-------------------------------------------------------------
No Equipment:
No issues
-------------------------------------------------------------
Additional Photos Show 'No Foto':
No issues
-------------------------------------------------------------
No Auction Sheet:
No issues
-------------------------------------------------------------
