#############################################################
AucNet AucMon Errors: 

Data Collection lasted for 21 minutes and 26.7 seconds.
Error checking completed within 0.7 seconds.
Finished checking on Monday, 17. June 2019 08:11AM 
#############################################################

No Main Image:
No issues
-------------------------------------------------------------
Japanese Characters:
112388908, 112388934, 112387316, 112386452, 112387878, 112387059, 112386955, 112388842, 112389087, 112386475, 112389609, 112388317, 112401498, 112388069, 112394101, 112379933, 112386336, 112389189, 112387057, 112388176, 112387640, 112388324, 112389573, 112385785, 112385947, 112385726, 112387318, 112388782, 112387854, 112388978, 112387320, 112388877, 112401509, 112387377, 112387378, 112386488, 112385612, 112388906, 

Shuppin: 

30045, 30071, 20509, 15158, 24568, 18045, 17328, 28312, 32020, 15388, 38051, 26101, 26154, 25530, 24088, 25998, 14648, 35017, 18043, 25636, 23238, 26108, 38015, 11024, 11458, 10687, 20511, 28249, 24298, 30114, 20513, 30014, 33012, 21007, 21008, 15528, 10564, 30043, 
-------------------------------------------------------------
Unknown Year/Make/Model:
112385991, 112389130, 112379835, 112388908, 112388933, 112388901, 112388934, 112407642, 112388910, 112407643, 112407645, 112388874, 112388976, 112379907, 112379820, 112388875, 112388903, 112388880, 112389107, 112388967, 112407644, 112388927, 112388918, 112388888, 112388870, 112379887, 112386052, 112389101, 112388968, 112388531, 112387399, 112388032, 112386015, 112386681, 112387252, 112388012, 112387273, 112387076, 112386971, 112385655, 112388687, 112386520, 112386793, 112386822, 112388593, 112386735, 112386858, 112386955, 112388842, 112389087, 112387257, 112388512, 112386270, 112386609, 112385962, 112386733, 112387375, 112387374, 112387322, 112388669, 112409423, 112409427, 112388759, 112386859, 112386869, 112386718, 112388475, 112386632, 112388590, 112388798, 112386199, 112388745, 112388444, 112388711, 112386343, 112386708, 112386477, 112387866, 112388902, 112387127, 112388240, 112388952, 112388468, 112388580, 112386554, 112387319, 112386002, 112388501, 112388869, 112388954, 112389324, 112388950, 112389081, 112385687, 112385599, 112389203, 112388885, 112389668, 112388889, 112389321, 112389206, 112388878, 112388867, 112389100, 112386473, 112388866, 112386219, 112385532, 112386213, 112409425, 112409429, 112389580, 112386863, 112387822, 112385704, 112388946, 112395970, 112389071, 112388949, 112389674, 112385633, 112389165, 112389171, 112388937, 112389079, 112388974, 112389167, 112388977, 112388966, 112401508, 112388975, 112388964, 112388978, 112389118, 112389179, 112389168, 112389154, 112386216, 112389581, 112385705, 112385706, 112389610, 112389590, 112389147, 112389157, 112389139, 112394159, 112389596, 112389577, 112394146, 112394140, 112389599, 112389137, 112389675, 112389576, 112389575, 112385740, 112389597, 112389568, 112389159, 112389608, 112389585, 112389589, 112389572, 112389586, 112389606, 112389150, 112389124, 112389660, 112389098, 112389635, 112407646, 112389650, 112389584, 112389152, 112389111, 112389579, 112389531, 112389205, 112388913, 112389665, 112389106, 112388939, 112389604, 112389567, 112389617, 112389583, 112389591, 112389616, 112389593, 112389615, 112389582, 112389578, 112389603, 112389669, 112389607, 112389605, 112388948, 112389598, 112389666, 112389119, 112388940, 112388864, 112389161, 112388989, 112389274, 112389296, 112389407, 112389381, 112389110, 112389267, 112389012, 112389021, 112389453, 112389316, 112389452, 112389484, 112389217, 112389517, 112389437, 112389344, 112389346, 112389461, 112389460, 112389464, 112389524, 112389335, 112389370, 112389376, 112389485, 112389343, 112389449, 112389493, 112389438, 112389636, 112389421, 112389392, 112389398, 112389270, 112389333, 112389447, 112389422, 112389494, 112389332, 112389275, 112389456, 112389252, 112389262, 112389288, 112389433, 112389505, 112389483, 112389416, 112389120, 112389256, 112389383, 112389360, 112389290, 112389372, 112389238, 112389158, 112385647, 112389382, 112389340, 112389039, 112389378, 112389404, 112389326, 112389511, 112389034, 112389430, 112389052, 112388987, 112389048, 112389362, 112389655, 112389629, 112389502, 112394133, 112389255, 112389508, 112388991, 112389023, 112389266, 112389278, 112389302, 112389060, 112389366, 112389363, 112389286, 112409431, 112394158, 112389121, 112389037, 112389427, 112389218, 112389009, 112389379, 112389040, 112389443, 112389503, 112389030, 112389233, 112389265, 112389029, 112389352, 112389310, 112389426, 112389219, 112389026, 112389318, 112389465, 112389303, 112389498, 112389049, 112389431, 112389405, 112389549, 112389065, 112389510, 112389350, 112389495, 112389451, 112389423, 112389347, 112389148, 112389041, 112389019, 112394156, 112389663, 112394157, 112389138, 112389507, 112389244, 112388914, 112389373, 112389348, 112389268, 112389458, 112389420, 112389314, 112389027, 112389280, 112389000, 112389025, 112389240, 112389501, 112394144, 112389295, 112389661, 112389445, 112389499, 112389444, 112389258, 112389441, 112389515, 112389044, 112389466, 112389298, 112389504, 112389518, 112389042, 112409433, 112389038, 112389045, 112389459, 112389062, 112389063, 112389054, 112385641, 112385572, 112389099, 112389043, 112388957, 112388956, 112389467, 112389289, 112389341, 112389672, 112389293, 112389521, 112389522, 112389053, 112389284, 112389317, 112389246, 112389497, 112389496, 112389315, 112389512, 112389032, 112389299, 112389035, 112389263, 112389231, 112409432, 112389506, 112389424, 112389428, 112389232, 112389237, 112389488, 112389409, 112389403, 112389304, 112389234, 112389036, 112389055, 112389061, 112389516, 112389046, 112389300, 112388895, 112389285, 112389377, 112389311, 112389331, 112389251, 112389309, 112389313, 112389056, 112389072, 112389273, 112389223, 112389236, 112388942, 112389050, 112389243, 112389429, 112389073, 112389279, 112389287, 112389384, 112389386, 112389355, 112385664, 112389354, 112389432, 112385646, 112389191, 112389520, 112389397, 112389394, 112389410, 112389391, 112389450, 112389500, 112389513, 112389411, 112389399, 112389487, 112389415, 112389361, 112389371, 112385697, 112389276, 112385558, 112385557, 112389435, 112389163, 112389380, 112389017, 112389282, 112385592, 112389434, 112389272, 112389653, 112389356, 112389414, 112389261, 112395973, 112389454, 112389641, 112389307, 112389523, 112388953, 112389247, 112389264, 112388999, 112389312, 112389031, 112388926, 112389419, 112388988, 112389656, 112389425, 112388881, 112389224, 112389345, 112389342, 112388868, 112389047, 112388872, 112389412, 112388871, 112389388, 112389301, 112389033, 112394148, 112389440, 112388911, 112389239, 112389676, 112389400, 112389271, 112389330, 112389401, 112389509, 112389389, 112389334, 112389375, 112389259, 112389396, 112389490, 112389329, 112409430, 112389439, 112389489, 112389491, 112389283, 112389463, 112389492, 112389164, 112389260, 112389242, 112389222, 112389022, 112389245, 112389306, 112389305, 112389374, 112389297, 112389248, 112389097, 112389455, 112389220, 112389277, 112389241, 112389446, 112389294, 112389418, 112389514, 112389235, 112389225, 112388969, 112389128, 112379772, 112394131, 112394132, 112394149, 112394160, 112394145, 112387320, 112389007, 112389634, 112388932, 112395972, 112388962, 112389536, 112389535, 112394162, 112389207, 112388930, 112394168, 112394166, 112388961, 112388951, 112389200, 112388923, 112389530, 112389543, 112388995, 112389537, 112389632, 112389129, 112394143, 112385738, 112385739, 112389141, 112389540, 112388986, 112388981, 112388892, 112389539, 112394171, 112401516, 112389548, 112388992, 112389630, 112389003, 112388877, 112401509, 112388985, 112389664, 112389117, 112389004, 112394170, 112388936, 112407647, 112389645, 112389153, 112389546, 112401507, 112389202, 112389144, 112389547, 112389532, 112389534, 112389538, 112394110, 112394167, 112394142, 112389155, 112394137, 112389122, 112394138, 112394135, 112361527, 112389677, 112388897, 112388907, 112389145, 112389183, 112388980, 112389010, 112389640, 112389008, 112388947, 112389533, 112389651, 112389611, 112389151, 112389001, 112388955, 112394155, 112394169, 112401505, 112388893, 112389140, 112389390, 112401506, 112389648, 112389395, 112389654, 112389253, 112388920, 112389649, 112389011, 112389448, 112389339, 112389292, 112389336, 112389393, 112389059, 112389142, 112389143, 112389358, 112389078, 112389051, 112385710, 112389357, 112385613, 112385575, 112385642, 112394111, 112389479, 112388973, 112388921, 112388891, 112388924, 112389005, 112389638, 112389417, 112388873, 112388928, 112388909, 112388994, 112388879, 112389574, 112388898, 112388996, 112388998, 112389229, 112389478, 112389365, 112389226, 112388982, 112388900, 112389319, 112389477, 112389481, 112389281, 112389480, 112389469, 112389249, 112389228, 112389442, 112389291, 112389364, 112389652, 112389658, 112389471, 112389475, 112389462, 112389368, 112388916, 112389470, 112389646, 112389657, 112389643, 112389476, 112389250, 112389519, 112389482, 112389473, 112389413, 112389474, 112389308, 112389631, 112389670, 112389472, 112389227, 112388917, 112389402, 112389006, 112389020, 112389637, 112389337, 112389436, 112389457, 112389028, 112389338, 112388887, 112388886, 112389230, 112389659, 112388884, 112388929, 112389002, 112388896, 112388890, 112388904, 112388935, 112388997, 112388922, 112389102, 112388883, 112388882, 112389254, 112389644, 112388993, 112394136, 112389080, 112389108, 112394152, 112394172, 112389115, 112394164, 112389096, 112389116, 112388876, 112394139, 112388944, 112389170, 112389113, 112389114, 112394151, 112388919, 112388915, 112388905, 112388958, 112394113, 112394121, 112389647, 112394130, 112388963, 112388984, 112394112, 112389123, 112389105, 112389104, 112388970, 112388983, 112394117, 112394127, 112389387, 112389600, 112389112, 112389406, 112389613, 112389109, 112389208, 112394115, 112395971, 112389125, 112394123, 112389667, 112388990, 112389633, 112394119, 112385724, 112385563, 112385650, 112389369, 112385727, 112389103, 112394114, 112388959, 112394126, 112394124, 112394118, 112389563, 112394120, 112394125, 112394129, 112394128, 112389126, 112394122, 112394116, 112389545, 112387337, 112386677, 112387093, 112389486, 112387369, 112386149, 112387011, 112387172, 112387884, 112388516, 112386515, 112386295, 112385756, 112385539, 112387272, 112387391, 112387642, 112386716, 112386699, 112386461, 112386351, 112388899, 112388931, 112388894, 112389570, 112389088, 112394134, 112388941, 112394163, 112388979, 112388938, 112394165, 112389149, 112388925, 112389180, 112385612, 112385676, 112389146, 112389673, 112389662, 112389201, 112388865, 112389169, 112385686, 112388971, 112389325, 112389322, 112394150, 112394153, 112389162, 112388972, 112388960, 112388945, 112389639, 112389327, 112389642, 112394141, 112389156, 112388906, 112394154, 112387054, 112386788, 112387663, 

Shuppin: 

12001, 33043, 15248, 30045, 30070, 30038, 30071, 31003, 30047, 31004, 31006, 30011, 30112, 23728, 13388, 30012, 30040, 30017, 33016, 30103, 31005, 30064, 30055, 30025, 30007, 20848, 12628, 33006, 30104, 27348, 21238, 25418, 12228, 16358, 19968, 25218, 20148, 18066, 17488, 10610, 28136, 15878, 17055, 17084, 28040, 16928, 17120, 17328, 28312, 32020, 20001, 27118, 14068, 16086, 11658, 16908, 21005, 21004, 20515, 28117, 28165, 28186, 28224, 17121, 17131, 16748, 26798, 16119, 28033, 28266, 13858, 28208, 26498, 28161, 14778, 16628, 15408, 24448, 30039, 18508, 26021, 30088, 26728, 28020, 16028, 20512, 12098, 27007, 30006, 30090, 36110, 30086, 31504, 10645, 10551, 35036, 30022, 39045, 30026, 36107, 35039, 30015, 30004, 33005, 15378, 30003, 14009, 10278, 14002, 28184, 28194, 38022, 17125, 24086, 10663, 30082, 31001, 31009, 30085, 39061, 10586, 34029, 34036, 30074, 31502, 30110, 34031, 30113, 30102, 33011, 30111, 30100, 30114, 33028, 35001, 34032, 34018, 14005, 38023, 10664, 10665, 38052, 38032, 34011, 34021, 34003, 39075, 38038, 38019, 39056, 39047, 38041, 34001, 39062, 38018, 38017, 10702, 38039, 38010, 34023, 38050, 38027, 38031, 38014, 38028, 38048, 34014, 33036, 39032, 33003, 39007, 33038, 39022, 38026, 34016, 33020, 38021, 37002, 35038, 30050, 39042, 33015, 30076, 38046, 38009, 38059, 38025, 38033, 38058, 38035, 38057, 38024, 38020, 38045, 39051, 38049, 38047, 30084, 38040, 39043, 33029, 30077, 30001, 34025, 30127, 36059, 36082, 36197, 36171, 33019, 36052, 30150, 30505, 36243, 36102, 36242, 36517, 36001, 36550, 36227, 36134, 36136, 36251, 36250, 36254, 36557, 36121, 36160, 36166, 36518, 36133, 36239, 36526, 36228, 39008, 36211, 36182, 36188, 36055, 36119, 36237, 36212, 36527, 36118, 36060, 36246, 36037, 36047, 36073, 36223, 36538, 36515, 36206, 33031, 36041, 36173, 36150, 36075, 36162, 36022, 34022, 10601, 36172, 36126, 30523, 36168, 36194, 36112, 36544, 30518, 36220, 30536, 30125, 30532, 36152, 39027, 39001, 36535, 36127, 36040, 36541, 30129, 30507, 36051, 36063, 36088, 30545, 36156, 36153, 36071, 36130, 39074, 33033, 30521, 36217, 36002, 30147, 36169, 30524, 36233, 36536, 30514, 36017, 36050, 30513, 36142, 36096, 36216, 36003, 30510, 36104, 36255, 36089, 36531, 30533, 36221, 36195, 37021, 30550, 36543, 36140, 36528, 36241, 36213, 36137, 34012, 30525, 30503, 39072, 39040, 39073, 34002, 36540, 36028, 30051, 36163, 36138, 36053, 36248, 36210, 36100, 30511, 36065, 30138, 30509, 36024, 36534, 39054, 36081, 39038, 36235, 36532, 36234, 36043, 36231, 36548, 30528, 36256, 36084, 36537, 36551, 30526, 36516, 30522, 30529, 36249, 30547, 30548, 30539, 10595, 10522, 33004, 30527, 30093, 30092, 36257, 36074, 36128, 39059, 36079, 36554, 36555, 30538, 36069, 36103, 36031, 36530, 36529, 36101, 36545, 30516, 36085, 30519, 36048, 36015, 36131, 36539, 36214, 36218, 36016, 36021, 36521, 36199, 36193, 36090, 36018, 30520, 30540, 30546, 36549, 30530, 36086, 30032, 36070, 36167, 36097, 36117, 36036, 36095, 36099, 30541, 31010, 36058, 36007, 36020, 30079, 30534, 36027, 36219, 31011, 36064, 36072, 36174, 36176, 36145, 10619, 36144, 36222, 10600, 35022, 36553, 36187, 36184, 36200, 36181, 36240, 36533, 36546, 36201, 36189, 36520, 36205, 36151, 36161, 10656, 36061, 10506, 10505, 36225, 34027, 36170, 30501, 36067, 10543, 36224, 36057, 39025, 36146, 36204, 36046, 33032, 36244, 39013, 36093, 36556, 30089, 36032, 36049, 30137, 36098, 30515, 30063, 36209, 30126, 39028, 36215, 30018, 36008, 36135, 36129, 30005, 30531, 30009, 36202, 30008, 36178, 36087, 30517, 39058, 36230, 30048, 36023, 39063, 36190, 36056, 36116, 36191, 36542, 36179, 36120, 36165, 36044, 36186, 36523, 36115, 36078, 36229, 36522, 36524, 36068, 36253, 36525, 34028, 36045, 36026, 36006, 30506, 36030, 36092, 36091, 36164, 36083, 36033, 33002, 36245, 36004, 36062, 36025, 36236, 36080, 36208, 36547, 36019, 36009, 30105, 33041, 10688, 33023, 34035, 39065, 39076, 39055, 20513, 30145, 39006, 30069, 33030, 30098, 37007, 37006, 39078, 35040, 30067, 39084, 39082, 30097, 30087, 35031, 30060, 37001, 37015, 30133, 37008, 39004, 33042, 39050, 10700, 10701, 34005, 37012, 30124, 30119, 30029, 37010, 39087, 35020, 37020, 30130, 39002, 30141, 30014, 33012, 30123, 39041, 33027, 30142, 39086, 30073, 35033, 39017, 34017, 37018, 33010, 35035, 34008, 37019, 37003, 37005, 37009, 30115, 39083, 39049, 34019, 39036, 33034, 39037, 39034, 37011, 39064, 30034, 30044, 34009, 35006, 30118, 30148, 39012, 30146, 30083, 37004, 39023, 38053, 34015, 30139, 30091, 39071, 39085, 31002, 30030, 34004, 36180, 33009, 39020, 36185, 39026, 36038, 30057, 39021, 30149, 36238, 36125, 36077, 36122, 36183, 30544, 34006, 34007, 36148, 31501, 30535, 10669, 36147, 10565, 10525, 10596, 30116, 36511, 30109, 30058, 30028, 30061, 30143, 39010, 36207, 30010, 30065, 30046, 30132, 30016, 38016, 30035, 30134, 30136, 36013, 36510, 36155, 36010, 30120, 30037, 36105, 36509, 36513, 36066, 36512, 36501, 36034, 36012, 36232, 36076, 36154, 39024, 39030, 36503, 36507, 36252, 36158, 30053, 36502, 39018, 39029, 39015, 36508, 36035, 36552, 36514, 36505, 36203, 36506, 36094, 39003, 39052, 36504, 36011, 30054, 36192, 30144, 30504, 39009, 36123, 36226, 36247, 30512, 36124, 30024, 30023, 36014, 39031, 30021, 30066, 30140, 30033, 30027, 30041, 30072, 30135, 30059, 33007, 30020, 30019, 36039, 39016, 30131, 39035, 31503, 33017, 39068, 39088, 33025, 39080, 33001, 33026, 30013, 39046, 30080, 34034, 33022, 33024, 39067, 30056, 30052, 30042, 30094, 31008, 32005, 39019, 32017, 30099, 30122, 31007, 33035, 33014, 33013, 30106, 30121, 31510, 32014, 36177, 38042, 33021, 36196, 38055, 33018, 35041, 31508, 32023, 33037, 32008, 39044, 30128, 39005, 32002, 10685, 10512, 10604, 36159, 10689, 33008, 31506, 30095, 32013, 32009, 31511, 38005, 32004, 32012, 32016, 32015, 33039, 32006, 31509, 37017, 20628, 16288, 18138, 36519, 20988, 13328, 17958, 19008, 24628, 27168, 15828, 14218, 10888, 10358, 20138, 21168, 23258, 16718, 16548, 15268, 14878, 30036, 30068, 30031, 38012, 32021, 39033, 30078, 39079, 30117, 30075, 39081, 34013, 30062, 35002, 10564, 10632, 34010, 39060, 39039, 35034, 30002, 34033, 10644, 30107, 36111, 36108, 39066, 39069, 34026, 30108, 30096, 30081, 39011, 36113, 39014, 39048, 34020, 30043, 39070, 18040, 17049, 23498, 
-------------------------------------------------------------
Unknown Chassis Prefix:
112387863, 112387505, 112379903, 

Shuppin: 

24418, 22088, 23298, 
-------------------------------------------------------------
No Transmission/Color/Fuel Type:
112385991, 112379835, 112407642, 112407643, 112407645, 112379907, 112379820, 112388875, 112388903, 112407644, 112388888, 112388870, 112379887, 112386052, 112388968, 112388531, 112387399, 112388032, 112386015, 112386681, 112387252, 112388012, 112388469, 112387273, 112386971, 112386460, 112386520, 112387542, 112386452, 112387701, 112386735, 112386955, 112387877, 112386523, 112385951, 112385989, 112389087, 112387527, 112388503, 112386518, 112387627, 112388512, 112386609, 112385962, 112386733, 112409423, 112409427, 112387433, 112386494, 112387210, 112386869, 112386718, 112387098, 112386293, 112386285, 112386984, 112387562, 112387231, 112388475, 112388590, 112386199, 112388444, 112386343, 112386708, 112386477, 112387866, 112388902, 112388476, 112387127, 112385947, 112386157, 112388468, 112388580, 112387142, 112385527, 112387303, 112387541, 112387183, 112409422, 112386002, 112388434, 112386195, 112387658, 112388954, 112389081, 112388889, 112388867, 112389100, 112388866, 112386219, 112385532, 112386213, 112388417, 112409425, 112409429, 112387528, 112388424, 112387863, 112387505, 112379903, 112388467, 112386216, 112407646, 112389288, 112409431, 112389510, 112389350, 112409433, 112389038, 112389045, 112389459, 112389062, 112389063, 112389054, 112409432, 112389488, 112389409, 112389403, 112389304, 112389234, 112389061, 112389520, 112389440, 112388911, 112389239, 112389676, 112389400, 112389271, 112389330, 112389401, 112389509, 112389389, 112389334, 112389375, 112389259, 112389396, 112389490, 112389329, 112409430, 112389439, 112389489, 112389491, 112389283, 112389463, 112389492, 112389245, 112387320, 112388892, 112407647, 112389677, 112388897, 112388947, 112389533, 112394111, 112389413, 112389402, 112389020, 112389637, 112388905, 112387337, 112386677, 112387093, 112389486, 112387369, 112386149, 112387011, 112387172, 112387884, 112388516, 112386515, 112386295, 112385756, 112385539, 112387272, 112387391, 112387642, 112386716, 112386699, 112386461, 112386351, 112389156, 112386040, 112386519, 112387113, 112388364, 112387723, 112387869, 112388558, 112386332, 112386031, 112408266, 112387587, 112387898, 112387592, 112386997, 112388448, 112387840, 112386359, 112387663, 112388446, 112386702, 112387538, 112387130, 112385956, 112387624, 112388479, 112387463, 112386866, 112386980, 112408262, 112385963, 112387107, 112387875, 112387250, 112387340, 

Shuppin: 

12001, 15248, 31003, 31004, 31006, 23728, 13388, 30012, 30040, 31005, 30025, 30007, 20848, 12628, 30104, 27348, 21238, 25418, 12228, 16358, 19968, 25218, 26738, 20148, 17488, 15258, 15878, 22478, 15158, 23548, 16928, 17328, 24558, 15908, 11488, 11958, 32020, 22338, 27028, 15858, 23098, 27118, 16086, 11658, 16908, 28165, 28186, 21578, 15598, 19488, 17131, 16748, 18188, 14198, 14118, 17678, 22678, 19768, 26798, 28033, 13858, 26498, 14778, 16628, 15408, 24448, 30039, 26808, 18508, 11458, 13428, 26728, 28020, 18668, 10188, 20458, 22468, 19138, 28126, 12098, 26398, 13808, 23448, 30090, 31504, 30026, 30004, 33005, 30003, 14009, 10278, 14002, 26208, 28184, 28194, 22348, 26288, 24418, 22088, 23298, 26718, 14005, 33038, 36073, 36130, 36543, 36140, 36516, 30522, 30529, 36249, 30547, 30548, 30539, 36131, 36521, 36199, 36193, 36090, 36018, 30546, 36553, 36230, 30048, 36023, 39063, 36190, 36056, 36116, 36191, 36542, 36179, 36120, 36165, 36044, 36186, 36523, 36115, 36078, 36229, 36522, 36524, 36068, 36253, 36525, 36030, 20513, 30029, 35033, 39064, 30034, 30083, 37004, 30116, 36203, 36192, 30504, 39009, 30042, 20628, 16288, 18138, 36519, 20988, 13328, 17958, 19008, 24628, 27168, 15828, 14218, 10888, 10358, 20138, 21168, 23258, 16718, 16548, 15268, 14878, 34020, 12488, 15868, 18378, 26148, 23798, 24478, 27668, 14608, 12408, 16139, 22948, 24798, 22988, 17808, 26538, 24148, 14958, 23498, 26518, 16578, 22438, 18548, 11548, 23058, 26848, 21898, 17128, 17618, 14074, 11668, 18318, 24528, 19948, 20658, 
-------------------------------------------------------------
No Equipment:
No issues
-------------------------------------------------------------
Additional Photos Show 'No Foto':
No issues
-------------------------------------------------------------
No Auction Sheet:
No issues
-------------------------------------------------------------
