#############################################################
USS Nagoya Errors: 

Data Collection lasted for 26 minutes and 22.2 seconds.
Error checking completed within 0.1 seconds.
Finished checking on Friday, 30. August 2019 06:37AM 
#############################################################

No Main Image:
No issues
-------------------------------------------------------------
Japanese Characters:
No issues
-------------------------------------------------------------
Unknown Year/Make/Model:
113764772, 113765042, 113760340, 113764641, 113760329, 113770886, 113764056, 113764784, 113757770, 

Shuppin: 

20622, 58330, 20314, 20147, 20051, 20445, 20590, 20649, 20532, 
-------------------------------------------------------------
Unknown Chassis Prefix:
113771362, 113769198, 113764709, 113764477, 113764699, 113764620, 113760336, 113770887, 113765035, 113760346, 113767511, 113764697, 113758727, 113771348, 113768613, 113756622, 113771227, 113764471, 113760337, 113764756, 113764747, 113764487, 113764078, 113767517, 113769911, 113764641, 113760329, 113764061, 113764057, 113764729, 113758724, 113764442, 113764399, 113764478, 113764787, 113758907, 113764812, 113770898, 113771364, 113764054, 113764748, 113764060, 113764741, 113764744, 113764760, 113764714, 113760498, 113764621, 113756627, 113754869, 113770886, 113764726, 113764642, 113765013, 113754865, 113758747, 113758044, 113764056, 113764068, 113764120, 113764656, 113764476, 113764708, 113764784, 113757770, 113768607, 113764695, 113764713, 113764793, 113770859, 113764640, 113758045, 113765054, 113769384, 113764059, 113760499, 113764058, 113760338, 

Shuppin: 

11112, 20647, 20399, 58263, 20374, 20105, 20300, 20449, 58318, 20570, 11270, 20366, 20285, 11061, 20383, 20009, 20706, 58251, 20308, 20560, 20497, 58282, 25013, 35138, 20405, 20147, 20051, 20595, 20591, 20446, 20032, 58206, 58048, 58268, 20655, 58160, 35002, 25008, 11114, 20346, 20498, 20594, 20476, 20484, 20596, 20411, 43001, 20107, 20015, 20505, 20445, 20436, 20148, 58226, 20501, 20551, 58149, 20590, 20603, 25098, 20180, 58262, 20398, 20649, 20532, 11298, 20360, 20410, 25072, 20106, 20146, 58150, 58350, 11311, 20593, 43002, 20592, 20309, 
-------------------------------------------------------------
No Transmission/Color/Fuel Type:
113756920, 113759635, 113764692, 113770884, 113757847, 113770862, 113759878, 113765006, 113765036, 113771362, 113769198, 113764709, 113764477, 113764699, 113764620, 113760336, 113770887, 113765035, 113760346, 113767511, 113764697, 113758727, 113771348, 113768613, 113756622, 113771227, 113764471, 113760337, 113764756, 113764747, 113764487, 113764078, 113767517, 113769911, 113764641, 113760329, 113764061, 113764057, 113764729, 113758724, 113764442, 113764399, 113764478, 113764787, 113758907, 113764812, 113770898, 113771364, 113764054, 113764748, 113764060, 113764741, 113764744, 113764760, 113764714, 113760498, 113764621, 113756627, 113754869, 113770886, 113764726, 113764642, 113765013, 113754865, 113758747, 113758044, 113764056, 113764068, 113764120, 113764656, 113764476, 113764708, 113764784, 113757770, 113768607, 113764695, 113764713, 113764793, 113770859, 113764640, 113758045, 113765054, 113769384, 113764059, 113760499, 113764058, 113760338, 113760457, 113764249, 

Shuppin: 

58138, 20562, 20357, 20438, 40892, 20144, 6072, 578, 58320, 11112, 20647, 20399, 58263, 20374, 20105, 20300, 20449, 58318, 20570, 11270, 20366, 20285, 11061, 20383, 20009, 20706, 58251, 20308, 20560, 20497, 58282, 25013, 35138, 20405, 20147, 20051, 20595, 20591, 20446, 20032, 58206, 58048, 58268, 20655, 58160, 35002, 25008, 11114, 20346, 20498, 20594, 20476, 20484, 20596, 20411, 43001, 20107, 20015, 20505, 20445, 20436, 20148, 58226, 20501, 20551, 58149, 20590, 20603, 25098, 20180, 58262, 20398, 20649, 20532, 11298, 20360, 20410, 25072, 20106, 20146, 58150, 58350, 11311, 20593, 43002, 20592, 20309, 3532, 4075, 
-------------------------------------------------------------
No Equipment:
No issues
-------------------------------------------------------------
Additional Photos Show 'No Foto':
No issues
-------------------------------------------------------------
No Auction Sheet:
No issues
-------------------------------------------------------------
