#############################################################
AucNet AucMon Errors: 

Data Collection lasted for 1 minute and 0.8 seconds.
Error checking completed within 0.1 seconds.
Finished checking on Monday, 06. January 2020 06:13AM 
#############################################################

No Main Image:
No issues
-------------------------------------------------------------
Japanese Characters:
116061986, 116061924, 116061927, 116061931, 

Shuppin: 

30020, 26020, 26023, 26027, 
-------------------------------------------------------------
Unknown Year/Make/Model:
116061983, 116062014, 

Shuppin: 

30017, 30049, 
-------------------------------------------------------------
Unknown Chassis Prefix:
No issues
-------------------------------------------------------------
No Transmission/Color/Fuel Type:
116061837, 116061838, 116061972, 116061971, 116061975, 116061976, 116061977, 116061979, 116061978, 116061981, 116061982, 116061984, 116061983, 116061989, 116061991, 116061993, 116061994, 116061996, 116061998, 116062000, 116062003, 116062004, 116062017, 116062018, 116061688, 116061691, 116062019, 116062020, 116062022, 116062021, 116062023, 116062024, 116062025, 116062026, 116062027, 116062030, 116062029, 116062034, 116062035, 116062037, 116062036, 116062039, 116062042, 116062044, 116062043, 116062045, 116062046, 116062047, 116062049, 116061922, 116062050, 116062053, 116062056, 116062054, 116062055, 116062057, 116062058, 116062059, 116062061, 116062062, 116062060, 116062063, 116062065, 116062064, 116062066, 116062068, 116062069, 116062072, 116062071, 116062073, 116062074, 116062076, 116062075, 116062077, 116062078, 116062079, 116062080, 116062081, 116062082, 116062083, 116062084, 116062085, 116061763, 116061788, 

Shuppin: 

20002, 20003, 30006, 30005, 30009, 30010, 30011, 30013, 30012, 30015, 30016, 30018, 30017, 30023, 30025, 30027, 30028, 30030, 30033, 30035, 30038, 30039, 30052, 30501, 10502, 10505, 30502, 30503, 30505, 30504, 30506, 30507, 31001, 31002, 32002, 32005, 32004, 32009, 32010, 32012, 32011, 32014, 32017, 33002, 33001, 33003, 34001, 34002, 34004, 26018, 35001, 35004, 36002, 35005, 36001, 36003, 36005, 36006, 36008, 36009, 36007, 36011, 36013, 36012, 36014, 36016, 36017, 36503, 36502, 36504, 36505, 36508, 36507, 36509, 36511, 37001, 37002, 37003, 37004, 37005, 37006, 37007, 15007, 17005, 
-------------------------------------------------------------
No Equipment:
No issues
-------------------------------------------------------------
Additional Photos Show 'No Foto':
No issues
-------------------------------------------------------------
No Auction Sheet:
No issues
-------------------------------------------------------------
