#############################################################
AucNet AucMon Errors: 

Data Collection lasted for 7 minutes and 9.9 seconds.
Error checking completed within 0.0 seconds.
Finished checking on Monday, 20. May 2019 08:30AM 
#############################################################

No Main Image:
No issues
-------------------------------------------------------------
Japanese Characters:
111798455, 111798489, 111798868, 111798871, 111798846, 111806487, 111798770, 111798756, 111799143, 111798524, 111798608, 111798854, 111799236, 111799325, 111798960, 111798961, 111799244, 

Shuppin: 

10003, 10038, 18080, 18083, 18057, 26026, 17011, 16008, 26062, 10524, 11058, 18066, 30071, 34011, 20005, 20006, 30082, 
-------------------------------------------------------------
Unknown Year/Make/Model:
111799242, 111799249, 111799250, 111799235, 111799231, 111799278, 111799312, 111799264, 111799247, 111799307, 111799190, 111798455, 111798456, 111798938, 111798930, 111798942, 111798846, 111798833, 111798823, 111798956, 111798777, 111799523, 111798861, 111798752, 111798952, 111798800, 111799108, 111798595, 111798600, 111798601, 111799322, 111799114, 111799233, 111799209, 111799189, 111799355, 111799217, 111799188, 111798667, 111798710, 111799232, 111798504, 111799198, 111798550, 111799463, 111799230, 111799236, 111799229, 111799237, 111799234, 111799228, 111799356, 111799503, 111799478, 111799511, 111799275, 111799499, 111807090, 111799282, 111799303, 111799496, 111799185, 111799520, 111799488, 111799518, 111799504, 111799492, 111799513, 111799489, 111798651, 111798501, 111807091, 111798530, 111799482, 111799501, 111799485, 111799507, 111799490, 111799512, 111799522, 111807092, 111799172, 111799516, 111799227, 111799491, 111799514, 111799479, 111799350, 111799174, 111799206, 111799352, 111799415, 111799197, 111799446, 111799424, 111799439, 111799422, 111799223, 111799403, 111799427, 111799376, 111799414, 111799406, 111799383, 111799407, 111799187, 111799445, 111799377, 111799288, 111799408, 111799375, 111799186, 111799378, 111799201, 111799379, 111799204, 111799382, 111799386, 111799476, 111799285, 111799443, 111799283, 111799289, 111799448, 111799423, 111799405, 111799338, 111799434, 111799310, 111799426, 111799359, 111799192, 111799360, 111799431, 111799428, 111799453, 111799438, 111799200, 111799384, 111799385, 111799265, 111799364, 111799430, 111799323, 111799452, 111799401, 111799440, 111799436, 111799412, 111799447, 111799435, 111799425, 111799353, 111799371, 111799372, 111799451, 111799380, 111799369, 111799396, 111799266, 111798526, 111798546, 111799348, 111799339, 111807089, 111799365, 111799366, 111799381, 111799368, 111799347, 111799321, 111799441, 111799349, 111799194, 111799437, 111799176, 111799219, 111799286, 111799253, 111799413, 111799246, 111799444, 111799433, 111799409, 111799402, 111799410, 111799404, 111799416, 111799276, 111799449, 111799328, 111799306, 111799256, 111799316, 111799311, 111799465, 111799466, 111799333, 111799279, 111799277, 111799280, 111799468, 111799331, 111799218, 111799296, 111799500, 111799216, 111799175, 111799298, 111799462, 111799464, 111799301, 111798579, 111799221, 111799515, 111799169, 111799215, 111799325, 111799226, 111799295, 111799343, 111799251, 111799469, 111799222, 111799297, 111799208, 111799304, 111799471, 111799290, 111799171, 111799173, 111799467, 111799248, 111799315, 111799305, 111799269, 111799210, 111799193, 111799299, 111799179, 111799287, 111799457, 111799214, 111799212, 111799203, 111799291, 111799411, 111799220, 111798545, 111799261, 111799317, 111799373, 111799258, 111799399, 111799224, 111799319, 111799367, 111799432, 111799394, 111799391, 111799417, 111799387, 111799272, 111799182, 111799225, 111799397, 111799400, 111799398, 111799450, 111799429, 111799388, 111799241, 111799455, 111799454, 111799390, 111799456, 111799268, 111799302, 111799389, 111799240, 111799257, 111799292, 111799196, 111799273, 111799418, 111799245, 111799392, 111799183, 111799211, 111799178, 111799205, 111799180, 111799267, 111799274, 111799254, 111799270, 111799320, 111799243, 111807088, 111807087, 111807086, 111799260, 111799167, 111799271, 111799262, 111799481, 111799181, 111799308, 111799213, 111799506, 111799309, 111799494, 111799502, 111799318, 111799484, 111799166, 111799326, 111821781, 111821780, 111799346, 111799199, 111821782, 111799442, 111799419, 111798541, 111799486, 111799207, 111799357, 111798543, 111798805, 111799358, 111799324, 111799168, 111799284, 111799244, 111799239, 

Shuppin: 

30080, 30087, 30088, 30070, 30066, 30116, 33011, 30102, 30085, 33006, 30025, 10003, 10004, 18154, 18146, 18158, 18057, 18044, 18034, 20001, 17018, 38052, 18073, 16004, 18168, 18011, 26027, 11045, 11050, 11051, 34008, 26033, 30068, 30044, 30024, 35026, 30052, 30023, 13015, 14026, 30067, 10504, 30033, 10550, 37003, 30065, 30071, 30064, 30072, 30069, 30063, 35027, 38030, 38003, 38039, 30113, 38026, 30502, 30120, 33002, 38023, 30020, 38048, 38014, 38046, 38031, 38018, 38041, 38015, 12008, 10501, 38004, 10530, 38008, 38028, 38011, 38035, 38016, 38040, 38051, 38050, 30007, 38044, 30062, 38017, 38042, 38005, 35021, 30009, 30041, 35023, 36052, 30032, 36518, 36061, 36511, 36059, 30058, 36040, 36064, 36013, 36051, 36043, 36020, 36044, 30022, 36517, 36014, 30126, 36045, 36012, 30021, 36015, 30036, 36016, 30039, 36019, 36023, 38001, 30123, 36515, 30121, 30127, 36520, 36060, 36042, 35009, 36506, 33009, 36063, 35030, 30027, 35031, 36503, 36065, 36525, 36510, 30035, 36021, 36022, 30103, 36001, 36502, 34009, 36524, 36038, 36512, 36508, 36049, 36519, 36507, 36062, 35024, 36008, 36009, 36523, 36017, 36006, 36033, 30104, 10526, 10546, 35019, 35010, 30501, 36002, 36003, 36018, 36005, 35018, 34007, 36513, 35020, 30029, 36509, 30011, 30054, 30124, 30091, 36050, 30084, 36516, 36505, 36046, 36039, 36047, 36041, 36053, 30114, 36521, 34014, 33005, 30094, 34002, 33010, 37005, 37006, 35004, 30117, 30115, 30118, 37008, 35002, 30053, 31002, 38027, 30051, 30010, 31004, 37002, 37004, 32007, 11029, 30056, 38043, 30004, 30050, 34011, 30061, 31001, 35014, 30089, 37009, 30057, 31003, 30043, 33003, 37011, 30128, 30006, 30008, 37007, 30086, 34001, 33004, 30107, 30045, 30028, 31005, 30014, 30125, 36529, 30049, 30047, 30038, 30129, 36048, 30055, 10545, 30099, 34003, 36010, 30096, 36036, 30059, 34005, 36004, 36504, 36031, 36028, 36054, 36024, 30110, 30017, 30060, 36034, 36037, 36035, 36522, 36501, 36025, 30079, 36527, 36526, 36027, 36528, 30106, 33001, 36026, 30078, 30095, 30130, 30031, 30111, 36055, 30083, 36029, 30018, 30046, 30013, 30040, 30015, 30105, 30112, 30092, 30108, 34006, 30081, 30075, 30074, 30073, 30098, 30002, 30109, 30100, 38007, 30016, 33007, 30048, 38033, 33008, 38021, 38029, 34004, 38010, 30001, 34012, 32004, 32001, 35017, 30034, 32006, 36514, 36056, 10541, 38012, 30042, 35028, 10543, 18016, 35029, 34010, 30003, 30122, 30082, 30077, 
-------------------------------------------------------------
Unknown Chassis Prefix:
No issues
-------------------------------------------------------------
No Transmission/Color/Fuel Type:
111799264, 111799247, 111799307, 111798833, 111798823, 111798861, 111798952, 111799108, 111798595, 111798600, 111798601, 111799322, 111799188, 111798667, 111798710, 111799385, 111799444, 111799433, 111799409, 111799402, 111799410, 111799449, 111799306, 111799263, 111799280, 111799500, 111799297, 111799269, 111799291, 111799261, 111799254, 111799262, 111821781, 111821780, 111821782, 111799442, 111798805, 111807849, 111806023, 111806028, 

Shuppin: 

30102, 30085, 33006, 18044, 18034, 18073, 18168, 26027, 11045, 11050, 11051, 34008, 30023, 13015, 14026, 36022, 36516, 36505, 36046, 36039, 36047, 36521, 33005, 30101, 30118, 38027, 31003, 30107, 30129, 30099, 30092, 30100, 32004, 32001, 32006, 36514, 18016, 10019, 13017, 35035, 
-------------------------------------------------------------
No Equipment:
No issues
-------------------------------------------------------------
Additional Photos Show 'No Foto':
No issues
-------------------------------------------------------------
No Auction Sheet:
No issues
-------------------------------------------------------------
