#############################################################
AucNet AucMon Errors: 

Data Collection lasted for 2 minutes and 57.9 seconds.
Error checking completed within 0.0 seconds.
Finished checking on Monday, 20. January 2020 06:30AM 
#############################################################

No Main Image:
No issues
-------------------------------------------------------------
Japanese Characters:
116327183, 116327006, 116327111, 116327566, 116327457, 116325401, 

Shuppin: 

30009, 21001, 25020, 5958, 3738, 4178, 
-------------------------------------------------------------
Unknown Year/Make/Model:
No issues
-------------------------------------------------------------
Unknown Chassis Prefix:
No issues
-------------------------------------------------------------
No Transmission/Color/Fuel Type:
116327225, 116327226, 116345272, 116327350, 116327669, 116327516, 116327676, 116327651, 116326075, 116326098, 116327522, 116327643, 116327711, 116327697, 116327581, 116327260, 116327575, 116327660, 116327618, 116327717, 116327262, 116327634, 116327590, 116327552, 116327249, 116327628, 116327236, 116327560, 116327623, 116327568, 116327637, 116327621, 116327608, 116327604, 116327459, 116327525, 116327274, 116327510, 116327589, 116327539, 116327275, 116327519, 116327432, 116327600, 116327545, 116327561, 116327526, 116327538, 116327537, 116327273, 116327626, 116327663, 116327700, 116327579, 116327662, 116327586, 116327574, 116327640, 116327607, 116327625, 116327265, 116327517, 116327532, 116327668, 116327562, 116327577, 116327609, 116327598, 116327680, 116327601, 116327650, 116327542, 116327617, 116327716, 116327520, 116327638, 116327615, 116327652, 116327705, 116327261, 116327645, 116327573, 116327272, 116327707, 116327641, 116327694, 116327546, 116327657, 116327528, 116327246, 116327594, 116327587, 116327692, 116327673, 116327553, 116327708, 116327632, 116327677, 116327554, 116327713, 116327527, 116327602, 116327714, 116327629, 116327683, 116327666, 116327639, 116327534, 116327588, 116327670, 116327613, 116327524, 116327667, 116327633, 116327531, 116327719, 116327627, 116327635, 116327593, 116327681, 116327646, 116327679, 

Shuppin: 

30051, 30501, 33002, 36074, 8098, 3928, 8218, 7738, 5358, 8478, 4018, 7588, 8938, 8628, 6238, 3418, 6158, 7938, 7018, 9078, 3438, 7388, 6448, 5728, 3358, 7168, 3188, 5868, 7098, 5988, 7428, 7078, 6758, 6698, 3778, 4078, 3528, 3838, 6408, 5428, 3558, 3978, 3658, 6628, 5588, 5878, 4118, 5408, 5398, 3518, 7138, 8008, 8708, 6208, 7988, 6358, 6148, 7508, 6738, 7118, 3498, 3938, 5248, 8088, 5888, 6188, 6798, 6598, 8308, 6668, 7728, 5478, 6938, 9048, 3998, 7438, 6918, 7748, 8828, 3428, 7618, 6138, 3508, 8878, 7528, 8578, 5598, 7878, 5178, 3308, 6538, 6368, 8558, 8158, 5738, 8888, 7338, 8268, 5748, 8998, 5168, 6678, 9008, 7198, 8388, 8038, 7488, 5318, 6378, 8128, 6858, 4058, 8078, 7368, 5238, 9118, 7148, 7398, 6508, 8318, 7668, 8288, 
-------------------------------------------------------------
No Equipment:
No issues
-------------------------------------------------------------
Additional Photos Show 'No Foto':
No issues
-------------------------------------------------------------
No Auction Sheet:
No issues
-------------------------------------------------------------
