#############################################################
USS Tokyo Errors: 

Data Collection lasted for 28 minutes and 13.2 seconds.
Error checking completed within 0.1 seconds.
Finished checking on Thursday, 16. January 2020 06:46AM 
#############################################################

No Main Image:
No issues
-------------------------------------------------------------
Japanese Characters:
116278568, 116278189, 116277263, 116277607, 116277230, 116277097, 116276830, 116277252, 116277519, 116277131, 116276797, 116279010, 116279175, 116277140, 116277430, 116277125, 116277147, 116276878, 116277074, 116277032, 116278667, 116278602, 116277052, 116276734, 116277777, 116277828, 116277485, 116277784, 116277582, 116278321, 116277779, 116277250, 116278914, 116276786, 116277296, 116277054, 116278502, 116278712, 116276876, 116277833, 116276894, 116278513, 116277845, 116276999, 116276656, 116276655, 116277604, 116277076, 116278722, 116277228, 116278714, 116277304, 116278483, 116277224, 116278277, 116278723, 116278579, 116277636, 116278991, 116278925, 116276572, 116278516, 116277307, 116276930, 116278178, 116277191, 116276790, 116276990, 116276919, 116276953, 116276977, 116277832, 116277907, 116278966, 116277065, 116277010, 116278833, 116279124, 116277282, 116278679, 116277120, 116277279, 116276823, 116277274, 116277227, 116276746, 116277349, 116276663, 116278266, 116277655, 116277419, 116279197, 116279112, 116279002, 116277129, 116276922, 116277071, 116276911, 116278711, 116276985, 116277007, 116276767, 116277136, 116254356, 116254443, 116255626, 116278335, 116278390, 116253090, 116252843, 116252855, 116276830, 116276797, 116279175, 116278321, 116276786, 116278178, 116276663, 116279197, 

Shuppin: 

80369, 75945, 26470, 35442, 26437, 26303, 20787, 26459, 35354, 26338, 20754, 87289, 87454, 26347, 30396, 26332, 26354, 23666, 26280, 23820, 80468, 80403, 26258, 20691, 50282, 50333, 3215, 50289, 35417, 76077, 50284, 26457, 87186, 20743, 26503, 26260, 80253, 80513, 23664, 50338, 23682, 80264, 60005, 23787, 12273, 12272, 35439, 26282, 80523, 26435, 80515, 26511, 80184, 26431, 76033, 80524, 80380, 40644, 87270, 87197, 1087, 80267, 26514, 23718, 75934, 26398, 20747, 23778, 23707, 23741, 23765, 50337, 70357, 87245, 26271, 23798, 84392, 87403, 26489, 80480, 26327, 26486, 20780, 26481, 26434, 20703, 29218, 12280, 76022, 40663, 30385, 87476, 87391, 87281, 26336, 23710, 26277, 23699, 80512, 23773, 23795, 20724, 26343, 75359, 75499, 75599, 76091, 76146, 73565, 73632, 73654, 20787, 20754, 87454, 76077, 20743, 75934, 12280, 87476, 
-------------------------------------------------------------
Unknown Year/Make/Model:
116276731, 116259415, 116260966, 116260969, 116260978, 116261068, 116254405, 116261296, 116261306, 116261311, 116262244, 116257467, 116261403, 116262357, 116261479, 116267032, 116261516, 116276885, 116276905, 116276979, 116262547, 116276993, 116263537, 116262689, 116276843, 116278333, 116278369, 116262916, 116278411, 116277861, 116253980, 116261533, 116263035, 116254105, 116263106, 116254139, 116254141, 116261757, 116261758, 116277915, 116277919, 116255396, 116253898, 116253899, 116276775, 116276760, 116277808, 116276731, 116278199, 

Shuppin: 

20688, 35152, 23053, 23056, 23065, 23155, 75441, 23387, 23397, 23402, 25251, 20309, 23497, 25364, 23595, 20448, 23641, 23673, 23693, 23767, 25557, 23781, 75821, 25700, 20800, 76089, 76125, 25929, 76167, 65099, 70003, 26028, 26108, 70186, 26201, 70286, 70289, 70324, 70325, 70365, 70369, 29113, 77142, 77143, 20732, 20717, 50313, 20688, 75955, 
-------------------------------------------------------------
Unknown Chassis Prefix:
116277849, 116255519, 116254937, 116254942, 116254966, 116255014, 116255572, 116254449, 116254495, 116255204, 116263462, 116263467, 116263468, 116264654, 116263489, 116263502, 116263537, 116274306, 116268073, 116263560, 116263569, 116263601, 116278192, 116253211, 116278259, 116260192, 116257008, 116257021, 116278333, 116257032, 116257044, 116257042, 116257045, 116278355, 116257050, 116257053, 116257073, 116278385, 116257076, 116257081, 116254258, 116277851, 116277857, 116278594, 116277861, 116253980, 116278639, 116253991, 116254004, 116254011, 116254843, 116254013, 116254049, 116254056, 116254072, 116254082, 116254084, 116254091, 116254090, 116254093, 116254092, 116254100, 116254106, 116254105, 116261704, 116261709, 116261718, 116254139, 116254138, 116254140, 116254897, 116254141, 116254142, 116254144, 116254143, 116254898, 116254899, 116261737, 116254145, 116264619, 116261749, 116261752, 116261750, 116261754, 116261758, 116277877, 116277878, 116277886, 116277887, 116277897, 116277905, 116277904, 116277913, 116277912, 116277915, 116253849, 116253863, 116253898, 116253899, 116253914, 116278430, 116278078, 116278331, 116278199, 116277876, 116278434, 116277867, 

Shuppin: 

65087, 75057, 75055, 75063, 75099, 75177, 75201, 75507, 75589, 75618, 75718, 75726, 75727, 75744, 75756, 75775, 75821, 75850, 75851, 75856, 75867, 75905, 75948, 73092, 76015, 80210, 65001, 65015, 76089, 65026, 65038, 65036, 65039, 76111, 65044, 65047, 65068, 76141, 65071, 65076, 73332, 65089, 65095, 80395, 65099, 70003, 80440, 70022, 70040, 70054, 70053, 70057, 70107, 70116, 70142, 70157, 70159, 70168, 70167, 70170, 70169, 70180, 70187, 70186, 70227, 70235, 70247, 70286, 70285, 70288, 70287, 70289, 70290, 70292, 70291, 70293, 70294, 70296, 70295, 70308, 70316, 70319, 70317, 70321, 70325, 70327, 70328, 70336, 70337, 70347, 70355, 70354, 70363, 70362, 70365, 77077, 77096, 77142, 77143, 77165, 77209, 74001, 76087, 75955, 70326, 77213, 65105, 
-------------------------------------------------------------
No Transmission/Color/Fuel Type:
116279153, 116277849, 116255519, 116254937, 116254939, 116254942, 116254966, 116255014, 116257764, 116255572, 116255592, 116255131, 116254443, 116254449, 116254495, 116255204, 116263462, 116263467, 116263468, 116264654, 116263489, 116258604, 116263502, 116267082, 116263537, 116263540, 116274306, 116268073, 116263560, 116263569, 116263601, 116278192, 116253211, 116278227, 116278259, 116260192, 116257008, 116257011, 116257021, 116257022, 116278333, 116257032, 116257044, 116257042, 116257045, 116278355, 116257050, 116257055, 116257053, 116257073, 116278385, 116257076, 116257081, 116254258, 116277851, 116277856, 116277857, 116278594, 116277861, 116253980, 116278639, 116253991, 116252985, 116278669, 116254004, 116254011, 116254843, 116254013, 116256931, 116254049, 116254056, 116254072, 116254082, 116254084, 116254091, 116254090, 116254093, 116254092, 116254100, 116254106, 116254105, 116259509, 116261704, 116261709, 116261718, 116254139, 116254138, 116254140, 116254897, 116254141, 116254142, 116254144, 116254143, 116252862, 116254898, 116254899, 116261737, 116254145, 116264619, 116259611, 116261749, 116261752, 116261750, 116261754, 116261758, 116277877, 116277878, 116277881, 116259635, 116277886, 116277887, 116277897, 116277905, 116277904, 116277913, 116277912, 116277915, 116258514, 116253849, 116253863, 116253898, 116253899, 116253914, 116278430, 116278078, 116278156, 116279153, 116278331, 116278199, 116277876, 116278434, 116277867, 

Shuppin: 

87432, 65087, 75057, 75055, 75058, 75063, 75099, 75177, 12122, 75201, 75310, 75348, 75499, 75507, 75589, 75618, 75718, 75726, 75727, 75744, 75756, 86182, 75775, 20569, 75821, 75826, 75850, 75851, 75856, 75867, 75905, 75948, 73092, 75983, 76015, 80210, 65001, 65004, 65015, 65016, 76089, 65026, 65038, 65036, 65039, 76111, 65044, 65049, 65047, 65068, 76141, 65071, 65076, 73332, 65089, 65094, 65095, 80395, 65099, 70003, 80440, 70022, 73401, 80470, 70040, 70054, 70053, 70057, 30090, 70107, 70116, 70142, 70157, 70159, 70168, 70167, 70170, 70169, 70180, 70187, 70186, 40055, 70227, 70235, 70247, 70286, 70285, 70288, 70287, 70289, 70290, 70292, 70291, 73669, 70293, 70294, 70296, 70295, 70308, 40165, 70316, 70319, 70317, 70321, 70325, 70327, 70328, 70331, 40192, 70336, 70337, 70347, 70355, 70354, 70363, 70362, 70365, 73749, 77077, 77096, 77142, 77143, 77165, 77209, 74001, 74079, 87432, 76087, 75955, 70326, 77213, 65105, 
-------------------------------------------------------------
No Equipment:
No issues
-------------------------------------------------------------
Additional Photos Show 'No Foto':
No issues
-------------------------------------------------------------
No Auction Sheet:
No issues
-------------------------------------------------------------
