#############################################################
USS Tokyo Errors: 

Data Collection lasted for 31 minutes and 2.4 seconds.
Error checking completed within 0.4 seconds.
Finished checking on Thursday, 06. February 2020 06:48AM 
#############################################################

No Main Image:
No issues
-------------------------------------------------------------
Japanese Characters:
116679650, 116679617, 116679385, 116679905, 116679540, 116679407, 116679915, 116679638, 116679806, 116679991, 116679706, 116679808, 116679388, 116680614, 116680053, 116679418, 116679752, 116679594, 116679597, 116679379, 116679981, 116679441, 116679851, 116679600, 116679474, 116679457, 116679892, 116679413, 116679380, 116679993, 116679839, 116679697, 116679796, 116679398, 116679387, 116679596, 116679701, 116679972, 116679828, 116679804, 116679881, 116679883, 116679850, 116679932, 116679948, 116680929, 116680959, 116678914, 116679002, 116678853, 116680801, 116680983, 116680209, 116680752, 116677987, 116678031, 116678040, 116678009, 116678043, 116678032, 116678078, 116679091, 116678842, 116679020, 116678947, 116678045, 116679778, 116680066, 116678189, 116678214, 116678003, 116678373, 116677858, 116677846, 116677904, 116677900, 116678365, 116677918, 116677886, 116678360, 116677800, 116677790, 116677932, 116680317, 116678384, 116677903, 116680142, 116678369, 116677892, 116677809, 116677940, 116680196, 116677962, 116677964, 116680078, 116679424, 116679074, 116681190, 116678064, 116680318, 116678798, 116678310, 116680155, 116678286, 116678309, 116679605, 116678867, 116680298, 116679826, 116679691, 116679950, 116679685, 116678100, 116679276, 116678231, 116680241, 116678725, 116678243, 116679009, 116678159, 116678809, 116679019, 116678881, 116678959, 116678211, 116678167, 116678810, 116678265, 116681014, 116677969, 116678892, 116677982, 116680948, 116680840, 116680874, 116680786, 116678050, 116677960, 116681180, 116679308, 116678787, 116680042, 116678198, 116678073, 116679396, 116678776, 116678767, 116679793, 116679607, 116677851, 116677798, 116677796, 116677733, 116677845, 116677855, 116678361, 116678345, 116677888, 116678347, 116677841, 116678383, 116677824, 116678402, 116678346, 116677924, 116680067, 116678405, 116678352, 116677799, 116677735, 116677896, 116677854, 116677916, 116678399, 116677843, 116677825, 116678364, 116677779, 116677885, 116677738, 116677881, 116678371, 116678349, 116677847, 116677844, 116677807, 116678401, 116677852, 116677917, 116678379, 116678411, 116679805, 116678398, 116678059, 116679914, 116679729, 116679716, 116679712, 116678381, 116677882, 116677801, 116677840, 116677732, 116677938, 116677862, 116677902, 116677864, 116679837, 116680588, 116680229, 116679286, 116679730, 116677873, 116680665, 116677919, 116677746, 116680860, 116677811, 116680895, 116680533, 116681070, 116678034, 116678252, 116678104, 116678143, 116679723, 116680185, 116678002, 116677995, 116680774, 116680940, 116678770, 116680422, 116679102, 116681003, 116680683, 116679354, 116678037, 116678843, 116678220, 116678110, 116677747, 116680795, 116677947, 116678708, 116678000, 116678021, 116678047, 116678060, 116678071, 116678105, 116677963, 116680852, 116679608, 116679985, 116677988, 116678844, 116677973, 116677954, 116677974, 116678916, 116679453, 116680350, 116678831, 116677998, 116678048, 116680024, 116680035, 116679718, 116679120, 116679750, 116679800, 116679921, 116679784, 116679639, 116677958, 116679518, 116679662, 116680284, 116679909, 116679708, 116679742, 116680834, 116680830, 116677984, 116678011, 116678049, 116678053, 116678132, 116681117, 116680045, 116678133, 116680275, 116678219, 116678738, 116678264, 116678033, 116680339, 116680951, 116677971, 116665248, 

Shuppin: 

74320, 74287, 73930, 75887, 74210, 74077, 75897, 74308, 75788, 77213, 75688, 75790, 73933, 84465, 80252, 74088, 75734, 74264, 74267, 72260, 77203, 74111, 75833, 74270, 74144, 74127, 75874, 74083, 72261, 77215, 75821, 75679, 75778, 73943, 73932, 74266, 75683, 75954, 75810, 75786, 75863, 75865, 75832, 75914, 75930, 87474, 87504, 30466, 30554, 29180, 87346, 87528, 80458, 87297, 12317, 20688, 20697, 20666, 20700, 20689, 20735, 35564, 26318, 35493, 30499, 20702, 75760, 80265, 23834, 23859, 20660, 957, 1090, 1078, 1136, 1132, 949, 1150, 1118, 944, 1032, 1023, 1164, 80566, 968, 1135, 80391, 953, 1124, 1041, 1172, 80445, 12292, 12294, 80277, 74094, 35547, 87735, 20721, 80567, 26274, 3242, 80404, 3218, 3241, 74275, 29194, 80547, 75808, 75673, 75932, 75667, 20757, 50323, 23876, 80490, 26164, 23888, 35482, 23804, 26285, 35492, 29208, 30511, 23856, 23812, 26286, 23910, 87559, 12299, 29219, 12312, 87493, 87385, 87419, 87331, 20707, 12290, 87725, 65114, 26263, 80192, 23843, 20730, 73941, 26252, 26243, 75775, 74277, 1083, 1030, 1028, 1003, 1077, 1087, 945, 929, 1120, 931, 1073, 967, 1056, 986, 930, 1156, 80266, 989, 936, 1031, 1005, 1128, 1086, 1148, 983, 1075, 1057, 948, 1022, 1117, 1008, 1113, 955, 933, 1079, 1076, 1039, 985, 1084, 1149, 963, 995, 75787, 982, 20716, 75896, 75711, 75698, 75694, 965, 1114, 1033, 1072, 1002, 1170, 1094, 1134, 1096, 75819, 84439, 80478, 50356, 75712, 1105, 84516, 1151, 1016, 87405, 1043, 87440, 84384, 87615, 20691, 23897, 2152, 23788, 75705, 80434, 20659, 20652, 87319, 87485, 26246, 82286, 35575, 87548, 84534, 70430, 20694, 26319, 23865, 23755, 1017, 87340, 1179, 26106, 20657, 20678, 20704, 20717, 20728, 2299, 12293, 87397, 74278, 77207, 12318, 26320, 12303, 12284, 12304, 30468, 74123, 80599, 26307, 20655, 20705, 77246, 77257, 75700, 40661, 75732, 75782, 75903, 75766, 74309, 12288, 74188, 74332, 80533, 75891, 75690, 75724, 87379, 87375, 12314, 20668, 20706, 20710, 23777, 87662, 80195, 23778, 80524, 23864, 26207, 23909, 20690, 80588, 87496, 12301, 75610, 
-------------------------------------------------------------
Unknown Year/Make/Model:
116679362, 116679330, 116679971, 116679949, 116679375, 116680092, 116679872, 116679032, 116679845, 116653607, 116653643, 116667779, 116667786, 116663661, 116667887, 116667889, 116667893, 116654023, 116654029, 116654034, 116668126, 116663798, 116680031, 

Shuppin: 

70438, 70406, 75953, 75931, 70451, 80291, 75854, 35505, 75827, 70019, 70065, 70211, 70222, 70308, 70376, 70379, 70385, 77070, 77077, 77086, 77191, 77194, 77253, 
-------------------------------------------------------------
Unknown Chassis Prefix:
116679293, 116679362, 116679347, 116679374, 116679309, 116679330, 116679971, 116679949, 116679363, 116679375, 116680092, 116679872, 116653729, 116654788, 116658894, 116653817, 116658903, 116658907, 116658933, 116653929, 116667921, 116661167, 116665239, 116663735, 116668021, 116663753, 116668064, 116668080, 116670680, 116679735, 116679765, 116679809, 116679845, 116669677, 116669678, 116680096, 116669760, 116653598, 116653601, 116653604, 116653607, 116658806, 116658807, 116653621, 116658813, 116653624, 116653628, 116653630, 116653633, 116653636, 116653642, 116653643, 116653646, 116653649, 116658829, 116654723, 116680179, 116653681, 116654731, 116658837, 116654733, 116659936, 116654759, 116667764, 116667767, 116667769, 116667768, 116663631, 116667730, 116667772, 116667729, 116670451, 116667771, 116667770, 116667776, 116667775, 116667774, 116667778, 116667777, 116667779, 116663633, 116667782, 116667780, 116667735, 116667783, 116667784, 116667786, 116667742, 116667744, 116667792, 116663638, 116679299, 116667798, 116667802, 116667807, 116679315, 116667819, 116680358, 116663661, 116667852, 116663665, 116663667, 116663678, 116663680, 116663681, 116667887, 116667889, 116667898, 116679356, 116679361, 116679365, 116679370, 116658963, 116654004, 116665038, 116654023, 116654029, 116654028, 116654034, 116658982, 116670464, 116668125, 116668126, 116663798, 116679983, 116680031, 116665108, 116665164, 116680618, 

Shuppin: 

65005, 70438, 70423, 70450, 65115, 70406, 75953, 75931, 70439, 70451, 80291, 75854, 75024, 75149, 75160, 75172, 75194, 75204, 75319, 75337, 75405, 23538, 75430, 75541, 75554, 75604, 75620, 75640, 75651, 75717, 75747, 75791, 75827, 80152, 80153, 80295, 80306, 70006, 70010, 70015, 70019, 70022, 70029, 70039, 70042, 70045, 70049, 70051, 70054, 70058, 70064, 70065, 70069, 70074, 70107, 65006, 80428, 70123, 65019, 70128, 65023, 65025, 65063, 70193, 70198, 70200, 70199, 70197, 65078, 70204, 65077, 70203, 70202, 70201, 70208, 70207, 70206, 70210, 70209, 70211, 70215, 70216, 70213, 65088, 70217, 70219, 70222, 65095, 65097, 70231, 70230, 65105, 70240, 70246, 70252, 65121, 70267, 80607, 70308, 70318, 70317, 70323, 70355, 70359, 70362, 70376, 70379, 70393, 70432, 70437, 70441, 70446, 77040, 77046, 73670, 77070, 77077, 77076, 77086, 77107, 77185, 77190, 77191, 77194, 77205, 77253, 73881, 73975, 84469, 
-------------------------------------------------------------
No Transmission/Color/Fuel Type:
116679871, 116679186, 116680996, 116679293, 116679362, 116679347, 116679374, 116679309, 116679330, 116679971, 116679949, 116679363, 116679375, 116680092, 116679872, 116679671, 116680284, 116653729, 116654788, 116658894, 116653817, 116658903, 116658907, 116658933, 116653929, 116667921, 116661167, 116665239, 116679032, 116668005, 116663735, 116668021, 116668022, 116663752, 116663753, 116668052, 116668064, 116668080, 116670680, 116663289, 116679735, 116679765, 116679790, 116679798, 116679809, 116679845, 116669677, 116669678, 116679902, 116659206, 116680096, 116669760, 116653598, 116653601, 116653604, 116653607, 116658806, 116658807, 116653621, 116658813, 116653624, 116653628, 116653630, 116653633, 116653636, 116653642, 116653643, 116653646, 116653649, 116658829, 116654723, 116680179, 116653681, 116654731, 116658837, 116654733, 116659936, 116654759, 116667764, 116667767, 116667769, 116667768, 116663631, 116667730, 116667772, 116667729, 116670451, 116667771, 116667770, 116667776, 116667775, 116667774, 116663632, 116667778, 116667777, 116667779, 116663633, 116667782, 116667780, 116667735, 116667783, 116667784, 116667786, 116667742, 116667744, 116667792, 116663638, 116667795, 116679299, 116667798, 116667802, 116679304, 116667807, 116679315, 116667819, 116680358, 116663661, 116667852, 116663665, 116663667, 116663678, 116663680, 116663681, 116667887, 116667889, 116667898, 116659784, 116679356, 116679361, 116679366, 116679365, 116679370, 116668412, 116658963, 116654004, 116665038, 116654023, 116654029, 116654028, 116654034, 116658982, 116670464, 116668125, 116668126, 116663798, 116679983, 116650793, 116680026, 116680031, 116665108, 116669498, 116669504, 116665164, 116669617, 116680618, 116679259, 116679627, 

Shuppin: 

75853, 40727, 87541, 65005, 70438, 70423, 70450, 65115, 70406, 75953, 75931, 70439, 70451, 80291, 75854, 74341, 80533, 75024, 75149, 75160, 75172, 75194, 75204, 75319, 75337, 75405, 23538, 75430, 35505, 75532, 75541, 75554, 75555, 75601, 75604, 75607, 75620, 75640, 75651, 25232, 75717, 75747, 75772, 75780, 75791, 75827, 80152, 80153, 75884, 86170, 80295, 80306, 70006, 70010, 70015, 70019, 70022, 70029, 70039, 70042, 70045, 70049, 70051, 70054, 70058, 70064, 70065, 70069, 70074, 70107, 65006, 80428, 70123, 65019, 70128, 65023, 65025, 65063, 70193, 70198, 70200, 70199, 70197, 65078, 70204, 65077, 70203, 70202, 70201, 70208, 70207, 70206, 70212, 70210, 70209, 70211, 70215, 70216, 70213, 65088, 70217, 70219, 70222, 65095, 65097, 70231, 70230, 70235, 65105, 70240, 70246, 65110, 70252, 65121, 70267, 80607, 70308, 70318, 70317, 70323, 70355, 70359, 70362, 70376, 70379, 70393, 40114, 70432, 70437, 70442, 70441, 70446, 86927, 77040, 77046, 73670, 77070, 77077, 77076, 77086, 77107, 77185, 77190, 77191, 77194, 77205, 73814, 77248, 77253, 73881, 40470, 40476, 73975, 40603, 84469, 40800, 74297, 
-------------------------------------------------------------
No Equipment:
No issues
-------------------------------------------------------------
Additional Photos Show 'No Foto':
No issues
-------------------------------------------------------------
No Auction Sheet:
No issues
-------------------------------------------------------------
