#############################################################
USS Sapporo Errors: 

Data Collection lasted for 10 minutes and 25.5 seconds.
Error checking completed within 0.1 seconds.
Finished checking on Wednesday, 27. November 2019 07:12AM 
#############################################################

No Main Image:
No issues
-------------------------------------------------------------
Japanese Characters:
115521868, 115521735, 115521814, 115521658, 115521708, 115521691, 115521506, 115521478, 115521471, 115521627, 115521844, 115521820, 115521773, 115521697, 115521646, 115521809, 115521444, 115521819, 115521816, 115521806, 115521807, 115521439, 115521695, 115521890, 115521843, 115521847, 115521649, 115521770, 115521818, 115521727, 115521785, 115521823, 115521739, 115521738, 115521679, 115521798, 115521472, 115521481, 115521502, 115521810, 115521532, 115521723, 115521829, 115521834, 115521489, 115521760, 115521468, 115521490, 115521884, 115521474, 115521698, 115521740, 115521681, 115521878, 115521873, 115521480, 115521757, 115521705, 115521684, 115521736, 115521477, 115521617, 115521846, 115521862, 115521840, 115521815, 115521611, 115521801, 115521824, 115521435, 115521655, 115521648, 115521433, 115521796, 115521856, 115521742, 115521769, 115521672, 115521429, 115521612, 115521609, 115521428, 115521659, 115521866, 115521875, 115521601, 115521663, 115521667, 115521749, 115521689, 115521442, 115521589, 115521782, 

Shuppin: 

8053, 70254, 77262, 685, 70227, 70210, 5297, 5269, 5262, 654, 77292, 77268, 71030, 70216, 673, 77257, 4013, 77267, 77264, 77254, 77255, 4008, 70214, 9077, 77291, 77295, 676, 71027, 77266, 70246, 72073, 77271, 70258, 70257, 70199, 733, 5263, 5272, 5293, 77258, 5323, 70242, 77277, 77282, 5280, 710, 5259, 5281, 9071, 5265, 70217, 70259, 70200, 9065, 8058, 5271, 707, 70224, 70203, 70255, 5268, 644, 77294, 80015, 77288, 77263, 638, 736, 77272, 38097, 682, 675, 38095, 731, 77304, 70261, 71026, 699, 38091, 639, 636, 38090, 686, 8051, 9062, 628, 690, 694, 70268, 70208, 4011, 616, 719, 
-------------------------------------------------------------
Unknown Year/Make/Model:
115501584, 115501591, 115521865, 115521434, 

Shuppin: 

8016, 8024, 8050, 38096, 
-------------------------------------------------------------
Unknown Chassis Prefix:
115501678, 115521871, 115500634, 115521797, 115501584, 115501591, 115504549, 115501597, 115521867, 115521865, 115521869, 115521434, 115503655, 

Shuppin: 

9003, 8056, 315, 732, 8016, 8024, 9041, 8030, 8052, 8050, 8054, 38096, 550, 
-------------------------------------------------------------
No Transmission/Color/Fuel Type:
115501138, 115521551, 115521563, 115521549, 115501111, 115501127, 115503714, 115501678, 115521871, 115500634, 115521797, 115501584, 115501591, 115504549, 115501597, 115521867, 115521865, 115521869, 115521434, 115503655, 115501142, 

Shuppin: 

6501, 6079, 6090, 6077, 6030, 6057, 6052, 9003, 8056, 315, 732, 8016, 8024, 9041, 8030, 8052, 8050, 8054, 38096, 550, 6510, 
-------------------------------------------------------------
No Equipment:
No issues
-------------------------------------------------------------
Additional Photos Show 'No Foto':
No issues
-------------------------------------------------------------
No Auction Sheet:
No issues
-------------------------------------------------------------
