#############################################################
Arai Van Truck Errors: 

Data Collection lasted for 20 minutes and 23.5 seconds.
Error checking completed within 0.0 seconds.
Finished checking on Friday, 31. May 2019 11:07PM 
#############################################################

No Main Image:
No issues
-------------------------------------------------------------
Japanese Characters:
112097495, 112097265, 112060046, 112097261, 

Shuppin: 

6069, 5824, 4666, 5819, 
-------------------------------------------------------------
Unknown Year/Make/Model:
112059388, 112097271, 112097539, 112078751, 112059487, 112097219, 112096779, 112093529, 112059387, 112097490, 112097572, 112097336, 112073051, 112059997, 112094863, 112097286, 112077170, 112060109, 112060036, 112093583, 112097366, 112097294, 112097426, 112097468, 112097867, 112059979, 112094775, 112094754, 112094748, 112072969, 112100422, 112097156, 112097000, 112097080, 112060123, 112097399, 112060050, 112073226, 112077182, 112077189, 112059516, 112059827, 112076385, 112093586, 112069384, 112066715, 112072973, 112073009, 112097349, 112060124, 112077190, 112066718, 112097440, 112077760, 112100435, 

Shuppin: 

2811, 5832, 6114, 5433, 4531, 5755, 2844, 5003, 2806, 6064, 6149, 5902, 5134, 4524, 5742, 5849, 5075, 4760, 4653, 5388, 5933, 5858, 5996, 6040, 952, 4501, 5456, 5422, 5379, 1329, 6198, 5652, 5120, 5529, 4780, 5969, 4670, 8725, 5099, 5131, 4725, 2815, 5271, 5394, 1320, 4705, 1336, 3484, 5915, 4781, 5252, 7034, 6011, 5081, 6754, 
-------------------------------------------------------------
Unknown Chassis Prefix:
112066718, 112097440, 112077760, 112100438, 

Shuppin: 

7034, 6011, 5081, 7631, 
-------------------------------------------------------------
No Transmission/Color/Fuel Type:
112093324, 112093310, 112059388, 112073033, 112097271, 112097539, 112078751, 112059487, 112076315, 112058526, 112069390, 112097454, 112096779, 112097370, 112097832, 112076337, 112059387, 112097490, 112097572, 112094752, 112097336, 112097823, 112073051, 112059997, 112094840, 112094863, 112097286, 112097546, 112097326, 112077170, 112060109, 112097470, 112060036, 112093583, 112100363, 112100455, 112100350, 112093346, 112100361, 112097369, 112093460, 112100454, 112097177, 112097366, 112097294, 112097426, 112097555, 112097016, 112073017, 112097432, 112097189, 112097468, 112097867, 112097441, 112094749, 112097809, 112073072, 112097323, 112097588, 112059979, 112094754, 112094748, 112072969, 112094774, 112097036, 112093553, 112100422, 112097156, 112097245, 112097000, 112097080, 112060123, 112097399, 112060050, 112073226, 112097480, 112097841, 112073045, 112077182, 112077189, 112059516, 112059827, 112097475, 112076385, 112093586, 112069384, 112066715, 112068983, 112098928, 112073002, 112072973, 112093431, 112098915, 112093540, 112097563, 112097263, 112100331, 112098957, 112072992, 112073009, 112076343, 112097372, 112093580, 112097352, 112077169, 112100343, 112097349, 112060124, 112093568, 112097197, 112077190, 112096936, 112098956, 112066718, 112097440, 112077760, 112100438, 112096809, 112100435, 112096804, 112093291, 112096851, 112058506, 

Shuppin: 

3466, 3403, 2811, 5053, 5832, 6114, 5433, 4531, 5045, 3128, 5064, 6026, 2844, 5937, 8399, 5147, 2806, 6064, 6149, 5419, 5902, 8388, 5134, 4524, 5664, 5742, 5849, 6121, 5892, 5075, 4760, 6043, 4653, 5388, 3916, 8419, 3863, 3511, 3912, 5936, 3684, 8418, 5691, 5933, 5858, 5996, 6131, 5364, 5023, 6003, 5703, 6040, 952, 6012, 5411, 8373, 5180, 5888, 6166, 4501, 5422, 5379, 1329, 5454, 5413, 5314, 6198, 5652, 5801, 5120, 5529, 4780, 5969, 4670, 8725, 6053, 8409, 5070, 5099, 5131, 4725, 2815, 6048, 5271, 5394, 1320, 4705, 5024, 6778, 3379, 1336, 3651, 6205, 5176, 6139, 5822, 1043, 8745, 3270, 3484, 5159, 5939, 5385, 5919, 5074, 2543, 5915, 4781, 5333, 5711, 5252, 3875, 8744, 7034, 6011, 5081, 7631, 3477, 6754, 3468, 3318, 3776, 3001, 
-------------------------------------------------------------
No Equipment:
No issues
-------------------------------------------------------------
Additional Photos Show 'No Foto':
No issues
-------------------------------------------------------------
No Auction Sheet:
No issues
-------------------------------------------------------------
