#############################################################
AucNet AucMon Errors: 

Data Collection lasted for 4 minutes and 12.5 seconds.
Error checking completed within 0.0 seconds.
Finished checking on Monday, 10. June 2019 07:26AM 
#############################################################

No Main Image:
No issues
-------------------------------------------------------------
Japanese Characters:
112238286, 112238587, 112238526, 112238470, 112238664, 112238669, 112238522, 112238251, 112238465, 112238785, 112238806, 112238877, 112238826, 

Shuppin: 

11022, 18151, 18083, 18027, 25002, 25008, 18079, 10502, 18022, 30036, 30057, 35010, 30506, 
-------------------------------------------------------------
Unknown Year/Make/Model:
112238348, 112238810, 112239011, 112238286, 112238783, 112239014, 112245043, 112245042, 112238587, 112238581, 112238434, 112260529, 112238594, 112238217, 112238435, 112238551, 112238235, 112238535, 112238212, 112238861, 112238295, 112238768, 112259498, 112238824, 112259502, 112238903, 112245044, 112238835, 112238823, 112238858, 112238876, 112238822, 112238777, 112238819, 112238349, 112238781, 112238862, 112238784, 112238782, 112238779, 112238778, 112238785, 112238900, 112238904, 112238997, 112238788, 112238771, 112238991, 112238987, 112238993, 112238990, 112239002, 112239003, 112239001, 112249624, 112238996, 112238773, 112238988, 112239015, 112239010, 112238774, 112238980, 112238764, 112238955, 112238923, 112238922, 112238975, 112238978, 112238938, 112238976, 112238919, 112238935, 112238940, 112238932, 112238952, 112238825, 112238950, 112238893, 112238914, 112238983, 112238977, 112238909, 112238934, 112238786, 112238918, 112238949, 112238915, 112238942, 112238930, 112238769, 112238892, 112238910, 112238920, 112238875, 112238863, 112238981, 112238943, 112238799, 112238956, 112238958, 112238982, 112238941, 112238953, 112238925, 112238929, 112238927, 112238926, 112238954, 112238834, 112238896, 112238908, 112238907, 112259501, 112238957, 112238960, 112238767, 112238758, 112238796, 112238792, 112238936, 112238894, 112238951, 112238895, 112238959, 112238937, 112238933, 112238931, 112238939, 112249623, 112238760, 112238870, 112238807, 112238794, 112238871, 112238845, 112238803, 112238279, 112259500, 112238860, 112238846, 112238851, 112238816, 112238806, 112238772, 112238877, 112238826, 112238859, 112238755, 112238775, 112238780, 112238813, 112238770, 112259499, 112249627, 112238897, 112238795, 112238974, 112238850, 112238765, 112238761, 112238797, 112238754, 112238911, 112238965, 112238804, 112238762, 112238800, 112238790, 112238944, 112238756, 112238964, 112238751, 112238963, 112238968, 112238921, 112238966, 112238913, 112238945, 112238912, 112238898, 112238961, 112238971, 112238503, 

Shuppin: 

12003, 30061, 37025, 11022, 30034, 37028, 36011, 33005, 18151, 18145, 17030, 18090, 18158, 10021, 17031, 18115, 10039, 18097, 10016, 34004, 11031, 30019, 30069, 30504, 33009, 36014, 36012, 31007, 30502, 34001, 35009, 30501, 30028, 30071, 12004, 30032, 34005, 30035, 30033, 30030, 30029, 30036, 36009, 36015, 37011, 30039, 30022, 37005, 37001, 37007, 37004, 37016, 37017, 37015, 30074, 37010, 30024, 37002, 37029, 37024, 30025, 36532, 30015, 36507, 36034, 36033, 36527, 36530, 36049, 36528, 36030, 36046, 36051, 36043, 36504, 30505, 36502, 36002, 36025, 36535, 36529, 36020, 36045, 30037, 36029, 36501, 36026, 36053, 36041, 30020, 36001, 36021, 36031, 35008, 34006, 36533, 36054, 30050, 36508, 36510, 36534, 36052, 36505, 36036, 36040, 36038, 36037, 36506, 31006, 36005, 36019, 36018, 33008, 36509, 36512, 30018, 30009, 30047, 30043, 36047, 36003, 36503, 36004, 36511, 36048, 36044, 36042, 36050, 30072, 30011, 35003, 30058, 30045, 35004, 32009, 30054, 11015, 33007, 34003, 32010, 33002, 30067, 30057, 30023, 35010, 30506, 34002, 30006, 30026, 30031, 30064, 30021, 33006, 34007, 36006, 30046, 36526, 33001, 30016, 30012, 30048, 30005, 36022, 36517, 30055, 30013, 30051, 30041, 36055, 30007, 36516, 30002, 36515, 36520, 36032, 36518, 36024, 36056, 36023, 36007, 36513, 36523, 18060, 
-------------------------------------------------------------
Unknown Chassis Prefix:
No issues
-------------------------------------------------------------
No Transmission/Color/Fuel Type:
112238348, 112245043, 112245042, 112260529, 112238217, 112238551, 112238861, 112238768, 112259498, 112238824, 112259502, 112245044, 112238858, 112238777, 112249624, 112238920, 112238875, 112238927, 112238926, 112238896, 112259501, 112238936, 112238894, 112238951, 112238895, 112249623, 112259500, 112238816, 112238775, 112238780, 112238813, 112238770, 112259499, 112249627, 

Shuppin: 

12003, 36011, 33005, 18090, 10021, 18115, 34004, 30019, 30069, 30504, 33009, 36012, 34001, 30028, 30074, 36031, 35008, 36038, 36037, 36005, 33008, 36047, 36003, 36503, 36004, 30072, 33007, 30067, 30026, 30031, 30064, 30021, 33006, 34007, 
-------------------------------------------------------------
No Equipment:
No issues
-------------------------------------------------------------
Additional Photos Show 'No Foto':
No issues
-------------------------------------------------------------
No Auction Sheet:
No issues
-------------------------------------------------------------
