#############################################################
USS Tokyo Errors: 

Data Collection lasted for 20 minutes and 7.7 seconds.
Error checking completed within 0.1 seconds.
Finished checking on Thursday, 26. December 2019 08:03AM 
#############################################################

No Main Image:
No issues
-------------------------------------------------------------
Japanese Characters:
No issues
-------------------------------------------------------------
Unknown Year/Make/Model:
116035944, 116036377, 116036383, 116036090, 116048155, 116035043, 116035899, 116035646, 116034855, 116041440, 116036633, 116036355, 116041372, 116048232, 116048764, 116035021, 116041546, 116046644, 

Shuppin: 

75004, 75007, 75062, 75219, 75414, 73021, 70025, 70114, 73393, 73443, 65040, 65050, 65070, 80394, 77151, 73826, 73859, 74022, 
-------------------------------------------------------------
Unknown Chassis Prefix:
116036383, 116041075, 116041078, 116036060, 116036082, 116036086, 116036106, 116041119, 116048408, 116048155, 116048161, 116048419, 116035886, 116035902, 116039622, 116035604, 116039627, 116035623, 116042303, 116035636, 116035645, 116035646, 116035203, 116039635, 116046601, 116035655, 116039638, 116035654, 116039639, 116039640, 116035657, 116035656, 116035659, 116035658, 116035660, 116042307, 116039641, 116035663, 116035661, 116035924, 116035925, 116035665, 116035668, 116035666, 116035230, 116035670, 116042309, 116041410, 116035679, 116035678, 116035927, 116035929, 116046603, 116035935, 116035938, 116035745, 116035744, 116035747, 116042329, 116042339, 116039667, 116048126, 116048389, 116048507, 116036330, 116041361, 116036331, 116036633, 116036352, 116036355, 116036357, 116036635, 116041372, 116042296, 116036374, 116047645, 116035766, 116039694, 116036127, 116039710, 116045628, 116048425, 116048764, 116045217, 

Shuppin: 

75062, 75097, 75108, 75177, 75205, 75211, 75246, 75266, 75369, 75414, 75437, 75441, 70008, 70029, 70027, 70051, 70060, 70079, 70093, 70098, 70112, 70114, 73264, 70113, 70128, 70129, 70126, 70127, 70130, 70132, 70133, 70131, 70136, 70134, 70138, 70137, 70135, 70142, 70139, 70141, 70146, 70145, 70150, 70147, 73299, 70153, 70157, 73309, 70167, 70166, 70174, 70185, 70181, 70229, 70260, 70277, 70276, 70281, 70303, 70322, 70325, 70340, 70346, 70347, 65015, 65018, 65017, 65040, 65046, 65050, 65053, 65062, 65070, 65076, 65081, 65099, 77007, 77052, 77080, 77122, 77132, 77141, 77151, 73982, 
-------------------------------------------------------------
No Transmission/Color/Fuel Type:
116036383, 116041075, 116041078, 116048265, 116036060, 116036063, 116036082, 116036086, 116042414, 116036106, 116036118, 116041119, 116039675, 116043912, 116048408, 116048155, 116048161, 116048419, 116045391, 116035886, 116035902, 116039622, 116035604, 116039627, 116035623, 116042303, 116035636, 116035645, 116043969, 116035646, 116035203, 116039635, 116046601, 116035655, 116039638, 116035654, 116039639, 116039640, 116035657, 116035656, 116035659, 116035658, 116035660, 116042307, 116039641, 116035663, 116035661, 116035924, 116035925, 116035665, 116035668, 116035666, 116035230, 116035670, 116042309, 116041410, 116035674, 116035679, 116035678, 116035927, 116035929, 116046603, 116035935, 116035938, 116035745, 116035744, 116035747, 116042329, 116042338, 116042339, 116039667, 116048126, 116048389, 116048507, 116036330, 116041361, 116036331, 116036633, 116036352, 116036355, 116036357, 116036635, 116041372, 116034658, 116034660, 116042296, 116036374, 116034676, 116047645, 116035767, 116035766, 116035004, 116039694, 116036127, 116039710, 116045628, 116048425, 116048764, 116039172, 116046620, 116045217, 116046211, 116048347, 116048684, 116048693, 

Shuppin: 

75062, 75097, 75108, 84582, 75177, 75181, 75205, 75211, 75243, 75246, 75264, 75266, 75327, 35304, 75369, 75414, 75437, 75441, 23502, 70008, 70029, 70027, 70051, 70060, 70079, 70093, 70098, 70112, 86181, 70114, 73264, 70113, 70128, 70129, 70126, 70127, 70130, 70132, 70133, 70131, 70136, 70134, 70138, 70137, 70135, 70142, 70139, 70141, 70146, 70145, 70150, 70147, 73299, 70153, 70157, 73309, 70160, 70167, 70166, 70174, 70185, 70181, 70229, 70260, 70277, 70276, 70281, 70303, 70319, 70322, 70325, 70340, 70346, 70347, 65015, 65018, 65017, 65040, 65046, 65050, 65053, 65062, 65070, 73646, 73649, 65076, 65081, 73675, 65099, 77008, 77007, 73700, 77052, 77080, 77122, 77132, 77141, 77151, 40421, 73975, 73982, 12178, 40560, 40574, 40587, 
-------------------------------------------------------------
No Equipment:
No issues
-------------------------------------------------------------
Additional Photos Show 'No Foto':
No issues
-------------------------------------------------------------
No Auction Sheet:
No issues
-------------------------------------------------------------
