#############################################################
ISUZU KYUSHU Errors: 

Data Collection lasted for 3 minutes and 34.8 seconds.
Error checking completed within 12 minutes and 43.9 seconds.
Finished checking on Wednesday, 10. April 2019 09:33PM 
#############################################################
No Main Image:
No issues
-------------------------------------------------------------
Japanese Characters:
111085521, 111107295, 111085515, 111085516, 

Shuppin: 

6504, 5013, 5008, 5009, 
-------------------------------------------------------------
Unknown Year/Make/Model:
111074529, 111091424, 111107263, 111091415, 111107249, 111074557, 111091326, 

Shuppin: 

1038, 6026, 2006, 6017, 1197, 1071, 1143, 
-------------------------------------------------------------
Unknown Chassis Prefix:
No issues
-------------------------------------------------------------
No Transmission/Color/Fuel Type:
111074562, 111074535, 111074855, 111107248, 111074529, 111091424, 111107263, 111091415, 111107249, 111091346, 111098065, 111091337, 111091334, 111091310, 111074546, 111107238, 111074557, 111091326, 111091345, 111074848, 111074555, 111091434, 111107252, 111091329, 

Shuppin: 

1081, 1044, 1082, 1196, 1038, 6026, 2006, 6017, 1197, 1163, 1171, 1154, 1151, 1124, 1056, 1186, 1071, 1143, 1162, 1007, 1067, 6036, 1200, 1146, 
-------------------------------------------------------------
No Equipment:
No issues
-------------------------------------------------------------
Missing Yor:
No issues
-------------------------------------------------------------
No Yor Image:
111091422, 111091430, 111091421, 111091405, 111091406, 111085518, 111091439, 111091458, 111091420, 111091416, 111091411, 111091399, 111091404, 111091424, 111091415, 111074522, 111091435, 111091444, 111091436, 111091445, 111091413, 111091429, 111091425, 111091452, 111091423, 111091431, 111091400, 111091409, 111091453, 111091418, 111091407, 111091443, 111091403, 111091432, 111091428, 111091451, 111091417, 111091442, 111091440, 111091408, 111085521, 111074519, 111091438, 111091427, 111091410, 111091401, 111091402, 111091437, 111091446, 111091414, 111091455, 111091426, 111091454, 111091433, 111091412, 111091449, 111091419, 111091434, 111091441, 111091459, 111091457, 111091450, 111085520, 111085519, 

Shuppin: 

6024, 6032, 6023, 6007, 6008, 6040, 6042, 6502, 6022, 6018, 6013, 6001, 6006, 6026, 6017, 1029, 6037, 6047, 6038, 6048, 6015, 6031, 6027, 6057, 6025, 6033, 6002, 6011, 6058, 6020, 6009, 6046, 6005, 6034, 6030, 6056, 6019, 6045, 6043, 6010, 6504, 1022, 6041, 6029, 6012, 6003, 6004, 6039, 6049, 6016, 6060, 6028, 6059, 6035, 6014, 6052, 6021, 6036, 6044, 6503, 6501, 6055, 6054, 6053, 
-------------------------------------------------------------
Additional Photos Show 'No Foto':
No issues
-------------------------------------------------------------
No Auction Sheet:
No issues
-------------------------------------------------------------
