#############################################################
HAA KOBE Errors: 

Data Collection lasted for 4 minutes and 17.5 seconds.
Error checking completed within 0.0 seconds.
Finished checking on Friday, 22. March 2019 04:40PM 
#############################################################
No Foto On Main Image:
No issues
-------------------------------------------------------------
Japanese Characters:
No issues
-------------------------------------------------------------
Unknown Year/Make/Model:
No issues
-------------------------------------------------------------
Unknown Chassis Prefix:
No issues
-------------------------------------------------------------
No Transmission/Color/Fuel Type:
No issues
-------------------------------------------------------------
No Equipment:
No issues
-------------------------------------------------------------
Missing Yor:
No issues
-------------------------------------------------------------
No Yor Image:
110649384, 110649347, 110649375, 110649071, 110649333, 110649289, 110649490, 110649433, 110649346, 110649469, 110649327, 110649117, 110649476, 110649161, 110649087, 110649395, 110649057, 110649153, 110649066, 110649425, 110649209, 110649269, 110649208, 110649230, 110649079, 110649080, 110649237, 110649228, 110649299, 110649480, 110649255, 110649386, 110649213, 110649245, 110649201, 110649261, 110649246, 110649438, 110649440, 110649495, 110649344, 110649181, 110649377, 110649133, 110649319, 110649418, 110649063, 110649430, 110649067, 110649125, 110649435, 110649528, 110649507, 110649318, 110649148, 110649137, 110649458, 110649132, 110649449, 110649514, 110649203, 110649295, 110649090, 110649178, 110649504, 110649396, 110649070, 110649429, 110649232, 110649136, 110649175, 110649378, 110649276, 110649512, 110649312, 110649357, 110649521, 110649147, 110649254, 110649177, 110649134, 110649055, 110649522, 110649258, 110649197, 110649373, 110649280, 110649085, 110649402, 110649152, 110649311, 110649069, 110649270, 110649485, 110649452, 110649417, 110649098, 110649367, 110649103, 110649349, 

Shuppin: 

43129, 43087, 43119, 10035, 43072, 43022, 43261, 43189, 43086, 43235, 43064, 10090, 43244, 10141, 10053, 43141, 10019, 10132, 10028, 43177, 37025, 37104, 37024, 37056, 10044, 10045, 37064, 37052, 43033, 43249, 37087, 43131, 37029, 37076, 37015, 37094, 37077, 43195, 43197, 43266, 43084, 10168, 43121, 10109, 43055, 43168, 10025, 43184, 10030, 10100, 43191, 43309, 43281, 43054, 10126, 10114, 43221, 10108, 43208, 43288, 37017, 43029, 10056, 10165, 43277, 43142, 10033, 43183, 37058, 10113, 10157, 43122, 43007, 43286, 43047, 43099, 43298, 10125, 37086, 10163, 10110, 10016, 43299, 37091, 37011, 43117, 43011, 10050, 43149, 10131, 43046, 10032, 37105, 43254, 43212, 43167, 10065, 43110, 10070, 43089, 
-------------------------------------------------------------
Additional Photos Show 'No Foto':
110649375, 110649433, 110649469, 110649327, 110649117, 110649161, 110649087, 110649153, 110649425, 110649255, 110649245, 110649181, 110649377, 110649133, 110649319, 110649430, 110649125, 110649435, 110649528, 110649507, 110649148, 110649137, 110649458, 110649132, 110649449, 110649514, 110649178, 110649504, 110649429, 110649136, 110649175, 110649512, 110649312, 110649357, 110649521, 110649147, 110649134, 110649258, 110649069, 110649270, 110649103, 

Shuppin: 

43119, 43189, 43235, 43064, 10090, 10141, 10053, 10132, 43177, 37087, 37076, 10168, 43121, 10109, 43055, 43184, 10100, 43191, 43309, 43281, 10126, 10114, 43221, 10108, 43208, 43288, 10165, 43277, 43183, 10113, 10157, 43286, 43047, 43099, 43298, 10125, 10110, 37091, 10032, 37105, 10070, 
-------------------------------------------------------------
No Auction Sheet:
No issues
-------------------------------------------------------------
