#############################################################
USS Tokyo Errors: 

Data Collection lasted for 47 minutes and 26.7 seconds.
Error checking completed within 0.1 seconds.
Finished checking on Thursday, 26. September 2019 07:00AM 
#############################################################

No Main Image:
No issues
-------------------------------------------------------------
Japanese Characters:
No issues
-------------------------------------------------------------
Unknown Year/Make/Model:
114292342, 114297529, 114288333, 114289046, 114292315, 114288251, 114288147, 114289288, 114292396, 114289380, 114288236, 114307650, 114288071, 114288243, 114288260, 114291608, 114297539, 

Shuppin: 

75564, 70235, 70221, 75177, 75504, 70138, 70032, 75419, 77129, 75610, 70122, 70361, 65088, 70129, 70148, 75687, 75518, 
-------------------------------------------------------------
Unknown Chassis Prefix:
114287993, 114288026, 114288251, 114291623, 114291622, 114285484, 114288066, 114288899, 114292306, 114288147, 114295443, 114288211, 114288212, 114288140, 114288135, 114289186, 114288346, 114288142, 114288244, 114288139, 114288238, 114289443, 114288954, 114288242, 114288221, 114288927, 114298876, 114289003, 114289118, 114288973, 114292252, 114288690, 114289465, 114282066, 114307643, 114289233, 114289288, 114292396, 114289380, 114288236, 114288952, 114292307, 114298875, 114307831, 114298877, 114287998, 114308563, 114289169, 114292345, 114306735, 114288241, 114288338, 114288145, 114288119, 114291530, 114288165, 114307650, 114292262, 114288091, 114303456, 114307586, 114292623, 114295468, 114292550, 114288141, 114288248, 114288237, 114289159, 114308066, 114292375, 114289132, 114307645, 114283542, 114292238, 114288071, 114307782, 114288243, 114307942, 114288166, 114289165, 114288239, 114288265, 114289042, 114288240, 114289228, 114288290, 114288330, 114298874, 114288260, 114288960, 114288316, 114307902, 114288277, 114288892, 114291608, 114288328, 114289043, 114288217, 114288252, 114289262, 114289408, 114289405, 114288101, 114288319, 114289166, 114288146, 114288144, 114289167, 114288249, 114289152, 114288343, 114288250, 

Shuppin: 

65008, 65042, 70138, 77148, 77147, 84146, 65083, 75029, 75488, 70032, 70248, 70097, 70098, 70025, 70020, 75317, 70242, 70027, 70130, 70024, 70124, 77037, 75084, 70128, 70107, 75057, 80177, 75134, 75249, 75103, 70239, 73361, 77059, 80023, 70292, 75364, 75419, 77129, 75610, 70122, 75082, 75489, 80152, 73888, 80205, 65013, 87522, 75300, 75579, 10261, 70127, 70226, 70030, 70003, 70232, 70050, 70361, 73111, 65108, 73695, 40648, 84451, 75487, 65131, 70026, 70135, 70123, 75290, 80358, 75660, 75263, 70353, 23226, 65133, 65088, 73800, 70129, 80231, 70051, 75296, 70125, 70153, 75173, 70126, 75359, 70178, 70218, 77163, 70148, 75090, 70204, 76109, 70165, 75022, 75687, 70216, 75174, 70103, 70139, 75393, 77001, 75697, 65119, 70207, 75297, 70031, 70029, 75298, 70136, 75283, 70237, 70137, 
-------------------------------------------------------------
No Transmission/Color/Fuel Type:
114289363, 114288807, 114307973, 114308316, 114289191, 114292229, 114295508, 114288000, 114281880, 114297642, 114288051, 114297638, 114292714, 114292718, 114308479, 114288158, 114280771, 114292231, 114289287, 114287993, 114288026, 114288251, 114291623, 114291622, 114285484, 114288066, 114288899, 114292306, 114288147, 114295443, 114288211, 114288212, 114288140, 114288135, 114289186, 114288346, 114288142, 114288244, 114288139, 114288238, 114289443, 114288954, 114288242, 114288221, 114288927, 114298876, 114289003, 114289118, 114288973, 114292252, 114288690, 114289465, 114282066, 114307643, 114289233, 114289288, 114292396, 114289380, 114288236, 114288952, 114292307, 114298875, 114307831, 114298877, 114287998, 114308563, 114289169, 114292345, 114306735, 114288241, 114288338, 114288145, 114288119, 114291530, 114288165, 114307650, 114292262, 114288091, 114303456, 114307586, 114292623, 114295468, 114292550, 114288141, 114288248, 114288237, 114289159, 114308066, 114292375, 114289132, 114307645, 114292238, 114288071, 114307782, 114288243, 114307942, 114288166, 114289165, 114288239, 114288265, 114289042, 114288240, 114289228, 114288290, 114288330, 114298874, 114288260, 114288960, 114288316, 114307902, 114288277, 114288892, 114291608, 114288328, 114289043, 114288217, 114288252, 114289262, 114289408, 114289405, 114288101, 114288319, 114289166, 114288146, 114288144, 114289167, 114288249, 114289152, 114288343, 114288250, 114281714, 114307190, 

Shuppin: 

75578, 73488, 80264, 84633, 75322, 643, 77169, 65015, 40237, 80173, 65067, 80169, 87161, 87169, 87438, 70043, 50025, 65021, 75418, 65008, 65042, 70138, 77148, 77147, 84146, 65083, 75029, 75488, 70032, 70248, 70097, 70098, 70025, 70020, 75317, 70242, 70027, 70130, 70024, 70124, 77037, 75084, 70128, 70107, 75057, 80177, 75134, 75249, 75103, 70239, 73361, 77059, 80023, 70292, 75364, 75419, 77129, 75610, 70122, 75082, 75489, 80152, 73888, 80205, 65013, 87522, 75300, 75579, 10261, 70127, 70226, 70030, 70003, 70232, 70050, 70361, 73111, 65108, 73695, 40648, 84451, 75487, 65131, 70026, 70135, 70123, 75290, 80358, 75660, 75263, 70353, 65133, 65088, 73800, 70129, 80231, 70051, 75296, 70125, 70153, 75173, 70126, 75359, 70178, 70218, 77163, 70148, 75090, 70204, 76109, 70165, 75022, 75687, 70216, 75174, 70103, 70139, 75393, 77001, 75697, 65119, 70207, 75297, 70031, 70029, 75298, 70136, 75283, 70237, 70137, 40030, 26310, 
-------------------------------------------------------------
No Equipment:
No issues
-------------------------------------------------------------
Additional Photos Show 'No Foto':
No issues
-------------------------------------------------------------
No Auction Sheet:
No issues
-------------------------------------------------------------
