#############################################################
USS Sapporo Errors: 

Data Collection lasted for 5 minutes and 5.0 seconds.
Error checking completed within 0.1 seconds.
Finished checking on Wednesday, 22. January 2020 06:40AM 
#############################################################

No Main Image:
No issues
-------------------------------------------------------------
Japanese Characters:
116388487, 116388486, 116388564, 116388247, 116388272, 116388325, 116388430, 116388290, 116388476, 116388362, 116388329, 116388301, 116388305, 116388448, 116388488, 116388435, 116388554, 116388567, 116388502, 116388508, 116388397, 116388275, 116388250, 116388251, 116388498, 116388559, 116388303, 116388332, 116388558, 116388482, 116388341, 116388427, 116388470, 116388331, 116388321, 116388504, 116388276, 116388291, 116388436, 116388264, 116388565, 116388438, 116388478, 116388475, 116388393, 116388520, 116388414, 116388451, 116388411, 116388400, 116388480, 116388366, 116388263, 116388255, 116388512, 116388461, 116388521, 116388526, 116388383, 116388501, 116388370, 116388369, 116388337, 116388483, 116388246, 116388359, 

Shuppin: 

77387, 77386, 9082, 3047, 517, 5329, 71028, 5294, 77374, 5362, 5332, 5305, 531, 77344, 77388, 73081, 9072, 9085, 77402, 77408, 70133, 520, 4009, 4010, 77398, 9077, 5308, 5335, 9076, 77382, 5343, 71025, 77368, 5334, 5325, 77404, 521, 5295, 73082, 509, 9083, 73085, 77378, 77373, 70129, 80018, 70152, 77347, 70149, 70136, 77380, 538, 508, 499, 77412, 77358, 8029, 8034, 6058, 77401, 542, 541, 534, 77383, 3046, 536, 
-------------------------------------------------------------
Unknown Year/Make/Model:
116388360, 116388505, 116369956, 116369054, 116369779, 116375348, 116377211, 

Shuppin: 

5360, 77405, 471, 70042, 2024, 6511, 6512, 
-------------------------------------------------------------
Unknown Chassis Prefix:
116388505, 116369858, 116370439, 116369906, 116369956, 116369227, 116369827, 116372167, 116369840, 116372169, 116369154, 116369013, 116369527, 

Shuppin: 

77405, 9025, 383, 394, 471, 74018, 8006, 8017, 8025, 8028, 72048, 6040, 80004, 
-------------------------------------------------------------
No Transmission/Color/Fuel Type:
116388505, 116369858, 116370439, 116369906, 116369956, 116369227, 116377215, 116369827, 116372167, 116369840, 116372169, 116369154, 116368998, 116369013, 116368900, 116375348, 116377211, 116377212, 116369527, 

Shuppin: 

77405, 9025, 383, 394, 471, 74018, 74031, 8006, 8017, 8025, 8028, 72048, 6019, 6040, 6508, 6511, 6512, 6513, 80004, 
-------------------------------------------------------------
No Equipment:
No issues
-------------------------------------------------------------
Additional Photos Show 'No Foto':
No issues
-------------------------------------------------------------
No Auction Sheet:
No issues
-------------------------------------------------------------
