#############################################################
USS Yokohama Errors: 

Data Collection lasted for 15 minutes and 8.7 seconds.
Error checking completed within 0.1 seconds.
Finished checking on Tuesday, 08. October 2019 08:44AM 
#############################################################

No Main Image:
No issues
-------------------------------------------------------------
Japanese Characters:
No issues
-------------------------------------------------------------
Unknown Year/Make/Model:
114526612, 114504909, 114505155, 114504527, 114505136, 114504957, 

Shuppin: 

70178, 84067, 86174, 66160, 86152, 84121, 
-------------------------------------------------------------
Unknown Chassis Prefix:
114526612, 114504770, 114504741, 114505073, 114504754, 114511418, 114505120, 114505112, 114504909, 114505155, 114511419, 114504758, 114505038, 114504527, 114505037, 114505042, 114505122, 114504973, 114504589, 114504966, 114505136, 114504550, 114505070, 114505051, 114505138, 114505066, 114504957, 114503648, 114504996, 114504902, 114505071, 114505164, 114505036, 114504887, 

Shuppin: 

70178, 80058, 80029, 86078, 80042, 86058, 86134, 86126, 84067, 86174, 86069, 80046, 86038, 66160, 86037, 86042, 86137, 84137, 70033, 84130, 86152, 66183, 86075, 86052, 86154, 86068, 84121, 62046, 84160, 84060, 86076, 86184, 86035, 84043, 
-------------------------------------------------------------
No Transmission/Color/Fuel Type:
114527501, 114503371, 114503375, 114504703, 114526612, 114504770, 114504741, 114505073, 114504754, 114511418, 114505120, 114505112, 114504909, 114505155, 114511419, 114504758, 114505038, 114504527, 114505037, 114505042, 114505122, 114504973, 114504589, 114504966, 114505136, 114504550, 114505070, 114505051, 114505138, 114505066, 114504957, 114503648, 114504996, 114504902, 114505071, 114505164, 114505036, 114504887, 

Shuppin: 

80090, 50036, 50040, 70147, 70178, 80058, 80029, 86078, 80042, 86058, 86134, 86126, 84067, 86174, 86069, 80046, 86038, 66160, 86037, 86042, 86137, 84137, 70033, 84130, 86152, 66183, 86075, 86052, 86154, 86068, 84121, 62046, 84160, 84060, 86076, 86184, 86035, 84043, 
-------------------------------------------------------------
No Equipment:
No issues
-------------------------------------------------------------
Additional Photos Show 'No Foto':
No issues
-------------------------------------------------------------
No Auction Sheet:
No issues
-------------------------------------------------------------
