#############################################################
AucNet AucMon Errors: 

Data Collection lasted for 10 minutes and 12.5 seconds.
Error checking completed within 0.1 seconds.
Finished checking on Monday, 16. September 2019 05:29AM 
#############################################################

No Main Image:
No issues
-------------------------------------------------------------
Japanese Characters:
114076562, 114084209, 114076308, 114072459, 114077053, 114083860, 114076921, 114077617, 114076934, 114076969, 114076324, 114076767, 114076075, 114072977, 114076555, 114072835, 114076557, 114076795, 114076039, 114076552, 114077543, 114084195, 114084190, 114070392, 114070358, 114077275, 114077181, 114077297, 

Shuppin: 

20503, 33041, 15368, 12218, 27022, 35009, 25073, 7148, 25085, 25121, 15848, 24059, 12108, 9008, 20006, 13828, 20009, 24518, 11298, 20003, 5178, 20517, 20010, 7648, 12888, 33025, 30052, 34007, 
-------------------------------------------------------------
Unknown Year/Make/Model:
114097127, 114097129, 114077303, 114077302, 114077185, 114077216, 114077187, 114077183, 

Shuppin: 

30120, 30122, 34013, 34012, 30056, 30502, 30058, 30054, 
-------------------------------------------------------------
Unknown Chassis Prefix:
114076095, 114076574, 114070375, 114077316, 114077584, 

Shuppin: 

12728, 2098, 2188, 3488, 6108, 
-------------------------------------------------------------
No Transmission/Color/Fuel Type:
114076562, 114084209, 114077261, 114077301, 114077266, 114077149, 114077279, 114077263, 114077270, 114077255, 114077286, 114076068, 114076213, 114076009, 114084192, 114076569, 114076190, 114076566, 114076457, 114070399, 114076529, 114077111, 114077283, 114084164, 114077077, 114077260, 114084194, 114076222, 114083857, 114077479, 114077282, 114077227, 114077148, 114077291, 114077221, 114077220, 114077226, 114077224, 114077210, 114077236, 114077200, 114077161, 114097114, 114097127, 114097129, 114077146, 114077147, 114084172, 114076449, 114076554, 114076460, 114076522, 114083568, 114077475, 114076095, 114076574, 114070375, 114077316, 114077584, 114077292, 114077293, 114077134, 114075868, 114097078, 114077184, 114097134, 114097133, 114077280, 114097135, 114097150, 114097151, 114097136, 114077168, 114077180, 114077182, 114097131, 114077296, 114077181, 114077172, 114077169, 114077178, 114077171, 114077259, 114097132, 114077130, 114083577, 114077473, 114097125, 114077476, 114077477, 114097098, 114077484, 114077194, 114077306, 114077470, 114077309, 114077488, 114077478, 114077219, 114077481, 114077474, 114077153, 114084205, 114077492, 114077491, 114077412, 114077432, 114077339, 114077431, 114077395, 114077356, 114077353, 114077405, 114077448, 114077375, 114077408, 114077422, 114077358, 114077365, 114077195, 114077367, 114097081, 114083573, 114077436, 114077430, 114077389, 114083565, 114077420, 114077418, 114077346, 114077414, 114077347, 114077421, 114077385, 114077307, 114083562, 114083571, 114077438, 114097124, 114077240, 114077360, 114077435, 114083578, 114077222, 114077254, 114077151, 114077434, 114077374, 114097108, 114083575, 114077402, 114077336, 114077398, 114077370, 114077357, 114077453, 114097092, 114097122, 114077142, 114077444, 114077361, 114077379, 114077428, 114077155, 114077449, 114077404, 114083560, 114097112, 114077368, 114077372, 114077454, 114077391, 114077446, 114077390, 114077433, 114083574, 114083567, 114077497, 114077397, 114077403, 114083572, 114077384, 114077202, 114077364, 114077366, 114077338, 114077373, 114077340, 114077143, 114077452, 114077439, 114077359, 114077278, 114077334, 114077410, 114077199, 114077443, 114077416, 114077382, 114077377, 114077447, 114077400, 114077272, 114089087, 114077341, 114077223, 114077355, 114077345, 114077490, 114077264, 114077411, 114077406, 114077413, 114083564, 114077419, 114077399, 114077299, 114077363, 114083570, 114077437, 114083566, 114077381, 114077409, 114077362, 114077429, 114077268, 114077163, 114077425, 114077378, 114077190, 114077376, 114077445, 114077354, 114077386, 114083563, 114077393, 114077442, 114077369, 114077380, 114077277, 114077231, 114075814, 114077206, 114077211, 114097119, 114097100, 114077276, 114097097, 114097093, 114097115, 114097130, 114097099, 114097094, 114077461, 114097146, 114077262, 114077250, 114097128, 114077458, 114077285, 114077197, 114077196, 114097095, 114077131, 114077258, 114077218, 114077167, 114077165, 114097118, 114077252, 114077462, 114077152, 114097147, 114077174, 114097148, 114077253, 114077251, 114077237, 114077460, 114097123, 114077284, 114077489, 114077265, 114077204, 114075921, 114097105, 114077238, 114077459, 114097103, 114097109, 114084206, 114077136, 114097113, 114077133, 114077135, 114077140, 114097121, 114077159, 114077175, 114077281, 114097107, 114097096, 114077457, 114077249, 114077225, 114097117, 114077310, 114077230, 114077158, 114077205, 114097149, 114077271, 114097120, 114075947, 114075944, 114097104, 114077407, 114077423, 114077450, 114077388, 114077298, 114077333, 114077415, 114077387, 114075838, 114077189, 114077383, 114077233, 114077308, 114077417, 114077217, 114083561, 114077344, 114077424, 114077343, 114077426, 114077164, 114077342, 114077192, 114077337, 114077451, 114077332, 114077427, 114077401, 114077335, 114077150, 114077141, 114077157, 114077137, 114077300, 114077235, 114097102, 114077304, 114097116, 114083569, 114077160, 114077154, 114077138, 114076071, 114097110, 114077318, 114077144, 114077396, 114077267, 114097138, 114097142, 114077191, 114084207, 114097080, 114075811, 114083576, 114097137, 114097145, 114077269, 114077193, 114077208, 114077212, 114077239, 114077203, 114077132, 114077394, 114097140, 114097139, 114077248, 114084208, 114077234, 114077487, 114077305, 114077480, 114077232, 114097101, 114075896, 114077177, 114077176, 114077166, 114077201, 114077294, 114077295, 114077471, 114077209, 114077348, 114077303, 114097111, 114097126, 114077198, 114077302, 114077215, 114077185, 114077297, 114077216, 114077207, 114081246, 

Shuppin: 

20503, 33041, 33004, 34011, 33009, 30020, 33033, 33006, 33013, 32023, 33042, 12008, 14033, 11107, 20514, 20526, 14008, 20523, 17029, 8978, 18035, 27082, 33037, 16072, 27046, 33003, 20516, 14042, 20011, 38012, 33036, 30513, 30019, 34001, 30507, 30506, 30512, 30510, 30101, 31007, 30071, 30032, 30106, 30120, 30122, 30017, 30018, 20511, 17021, 20005, 17032, 18018, 36048, 38008, 12728, 2098, 2188, 3488, 6108, 34002, 34003, 30005, 10586, 10610, 30055, 31015, 31014, 33034, 31016, 33026, 33027, 31017, 30039, 30051, 30053, 31012, 34006, 30052, 30043, 30040, 30049, 30042, 33002, 31013, 30001, 38033, 38006, 30118, 38009, 38010, 30084, 38017, 30065, 34016, 38003, 34019, 38021, 38011, 30505, 38014, 38007, 30024, 33014, 38025, 38024, 36095, 36115, 36009, 36114, 36078, 36026, 36023, 36088, 36509, 36057, 36091, 36105, 36030, 36042, 30066, 36045, 12002, 36514, 36119, 36113, 36072, 36041, 36103, 36101, 36016, 36097, 36017, 36104, 36068, 34017, 36033, 36058, 36122, 30117, 31018, 36034, 36118, 38035, 30508, 32022, 30022, 36117, 36055, 30097, 36516, 36085, 36006, 36081, 36050, 36027, 36520, 30074, 30115, 30013, 36503, 36035, 36062, 36111, 30026, 36512, 36087, 36029, 30104, 36046, 36052, 36521, 36074, 36507, 36073, 36116, 36515, 36047, 38036, 36080, 36086, 36513, 36067, 30073, 36040, 36044, 36008, 36053, 36010, 30014, 36519, 36123, 36031, 33031, 36004, 36093, 30070, 36502, 36099, 36065, 36060, 36508, 36083, 33017, 34021, 36011, 30509, 36025, 36015, 38023, 33007, 36094, 36089, 36096, 36038, 36102, 36082, 34009, 36039, 36056, 36120, 36043, 36064, 36092, 36036, 36112, 33011, 30034, 36108, 36061, 30061, 36059, 36506, 36024, 36069, 36037, 36076, 36501, 36049, 36063, 33029, 31002, 10531, 30087, 30124, 30111, 30086, 33028, 30083, 30075, 30107, 30123, 30085, 30076, 37005, 33018, 33005, 32018, 30121, 37002, 33039, 30068, 30067, 30077, 30002, 33001, 30504, 30038, 30036, 30110, 32020, 37006, 30023, 33020, 30045, 33021, 32021, 32019, 31008, 37004, 30116, 33038, 38022, 33008, 30080, 11015, 30094, 31009, 37003, 30090, 30098, 33015, 30007, 30105, 30004, 30006, 30011, 30114, 30030, 30046, 33035, 30096, 30082, 37001, 32017, 30511, 30109, 34020, 31001, 30029, 30081, 33022, 33016, 30112, 11043, 11040, 30091, 36090, 36106, 36517, 36071, 34008, 36003, 36098, 36070, 10555, 30060, 36066, 31004, 34018, 36100, 30503, 36032, 36014, 36107, 36013, 36109, 30035, 36012, 30063, 36007, 36518, 36002, 36110, 36084, 36005, 30021, 30012, 30028, 30008, 34010, 31006, 30089, 34014, 30108, 36054, 30031, 30025, 30009, 12013, 30102, 35002, 30015, 36079, 33010, 32003, 32007, 30062, 33032, 12001, 10527, 38030, 32002, 32012, 33012, 30064, 30099, 30125, 31010, 30079, 30003, 36077, 32005, 32004, 32016, 33040, 31005, 38020, 34015, 38013, 31003, 30088, 10620, 30048, 30047, 30037, 30072, 34004, 34005, 38004, 30100, 36018, 34013, 30103, 30119, 30069, 34012, 30501, 30056, 34007, 30502, 30093, 38034, 
-------------------------------------------------------------
No Equipment:
No issues
-------------------------------------------------------------
Additional Photos Show 'No Foto':
No issues
-------------------------------------------------------------
No Auction Sheet:
No issues
-------------------------------------------------------------
