#############################################################
USS Tokyo Errors: 

Data Collection lasted for 31 minutes and 52.6 seconds.
Error checking completed within 0.1 seconds.
Finished checking on Thursday, 30. January 2020 07:05AM 
#############################################################

No Main Image:
No issues
-------------------------------------------------------------
Japanese Characters:
116542324, 116542287, 116542300, 116542277, 116542680, 116542406, 116542307, 116542261, 116542583, 116542408, 116541938, 116546727, 116546628, 116542070, 116546690, 116546682, 116545999, 116546706, 116546739, 116541942, 116542025, 116541957, 116541926, 116541868, 116546679, 116541944, 116546674, 116542022, 116542055, 116542084, 116546717, 116541925, 116542539, 116542414, 116542383, 116542338, 116542110, 116542291, 116543683, 116543665, 116542363, 116542660, 116542266, 116542364, 116542362, 116542347, 116542112, 116542315, 116542394, 116542366, 116542627, 116542726, 116542400, 116542120, 116542113, 116542272, 116542281, 116542089, 116542094, 116542280, 116542339, 116542391, 116542376, 116542299, 116542614, 116542392, 116542561, 116542288, 116542333, 116545755, 116541886, 116541998, 116546629, 116546669, 116541895, 116546631, 116542063, 116546010, 116546657, 116546684, 116541976, 116546724, 116546726, 116546645, 116542037, 116541996, 116542003, 116546633, 116541929, 116545998, 116546696, 116541927, 116546691, 116546008, 116546640, 116542038, 116542073, 116546637, 116542020, 116546660, 116542048, 116546626, 116541955, 116541928, 116541902, 116542126, 116541822, 116541951, 116541956, 116541959, 116541939, 116541966, 116546651, 116546004, 116541987, 116541921, 116542061, 116542001, 116541904, 116546636, 116542056, 116541947, 116541941, 116546694, 116546725, 116541900, 116541958, 116546681, 116546663, 116541970, 116542043, 116542005, 116541988, 116546731, 116541893, 116542009, 116542284, 116542093, 116542080, 116542081, 116541891, 116542067, 116542053, 116541916, 116541846, 116541898, 116542062, 116546677, 116541797, 116541820, 116542036, 116542079, 116541984, 116542024, 116546014, 116541965, 116546647, 116541997, 116546672, 116546648, 116541992, 116546734, 116542158, 116542293, 116542026, 116541968, 116546737, 116542559, 116546708, 116542421, 116542636, 116542594, 116542704, 116542352, 116542346, 116542372, 116542278, 116542322, 116542119, 116542151, 116542349, 116542309, 116542306, 116542407, 116542691, 116542153, 116541993, 116542007, 116546000, 116543654, 116542304, 116542313, 116542302, 116542100, 116542149, 116542129, 116542109, 116542097, 116542375, 116541858, 116542318, 116542382, 116542311, 116542379, 116542282, 116542348, 116542353, 116542265, 116542361, 116542570, 116542575, 116542708, 116542409, 116542422, 116542418, 116542746, 116524723, 116542680, 116542583, 116542539, 116543683, 116543665, 116542660, 116542627, 116542614, 116542561, 116542559, 116542636, 116542594, 116543654, 116542570, 116542575, 

Shuppin: 

20739, 20702, 20715, 20692, 23881, 20821, 20722, 20676, 23784, 20823, 1078, 985, 886, 1210, 948, 940, 854, 964, 997, 1082, 1165, 1097, 1066, 1022, 937, 1084, 932, 1162, 1195, 1223, 975, 1065, 23740, 20829, 20798, 20753, 12255, 20706, 3228, 3210, 20778, 23861, 20681, 20779, 20777, 20762, 12257, 20730, 20809, 20781, 23828, 23927, 20815, 12264, 12258, 20687, 20696, 12236, 12240, 20695, 20754, 20806, 20791, 20714, 23815, 20807, 23762, 20703, 20748, 83626, 1026, 1138, 887, 927, 1035, 889, 1203, 865, 915, 942, 1116, 982, 984, 903, 1177, 1136, 1143, 891, 1069, 853, 954, 1067, 949, 863, 898, 1178, 1213, 895, 1160, 918, 1188, 884, 1095, 1068, 1042, 1227, 1017, 1091, 1096, 1099, 1079, 1106, 909, 859, 1127, 1061, 1201, 1141, 1044, 894, 1196, 1087, 1081, 952, 983, 1040, 1098, 939, 921, 1110, 1183, 1145, 1128, 989, 1033, 1149, 20699, 1224, 1219, 1220, 1031, 1207, 1193, 1056, 1020, 1038, 1202, 935, 1001, 1015, 1176, 1218, 1124, 1164, 869, 1105, 905, 1137, 930, 906, 1132, 992, 1235, 20708, 1166, 1108, 995, 23760, 966, 20836, 23837, 23795, 23905, 20767, 20761, 20787, 20693, 20737, 12263, 12292, 20764, 20724, 20721, 20822, 23892, 1230, 1133, 1147, 855, 3199, 20719, 20728, 20717, 12246, 12290, 12272, 12254, 12243, 20790, 10210, 20733, 20797, 20726, 20794, 20697, 20763, 20768, 20680, 20776, 23771, 23776, 23909, 20824, 20837, 20833, 23947, 75285, 23881, 23784, 23740, 3228, 3210, 23861, 23828, 23815, 23762, 23760, 23837, 23795, 3199, 23771, 23776, 
-------------------------------------------------------------
Unknown Year/Make/Model:
116542335, 116524553, 116529682, 116539198, 116529779, 116544108, 116529782, 116532277, 116544170, 116544177, 116531278, 116524729, 116524730, 116531305, 116531323, 116531399, 116532491, 116532493, 116525008, 116531490, 116538666, 116538700, 116538719, 116532569, 116544788, 116542171, 116532631, 116544886, 116542485, 116532730, 116542552, 116542602, 116545115, 116538847, 116524148, 116524448, 116529905, 116542815, 116542831, 116542846, 116542849, 116542855, 116524309, 116544233, 116540392, 116543055, 116544243, 116544271, 116544290, 116544301, 116545628, 116544338, 116523838, 116545286, 116545316, 116524767, 116543064, 

Shuppin: 

20750, 75113, 35051, 50241, 35158, 50297, 35161, 23043, 50359, 50366, 23113, 75291, 75292, 23151, 23177, 23294, 25268, 25272, 20242, 23430, 23484, 23519, 23538, 25383, 75626, 20386, 25445, 75724, 23686, 25546, 23753, 23803, 75953, 25793, 70026, 70055, 70065, 25965, 25981, 25996, 25999, 26005, 70216, 70244, 73507, 26205, 70329, 70357, 70376, 70387, 80639, 70424, 77084, 77199, 77229, 29028, 26214, 
-------------------------------------------------------------
Unknown Chassis Prefix:
116544214, 116544181, 116524470, 116524479, 116524493, 116524535, 116524544, 116524553, 116524569, 116524576, 116524592, 116524668, 116524703, 116524704, 116524712, 116524727, 116524729, 116524735, 116524319, 116524355, 116531660, 116531696, 116530660, 116539490, 116530674, 116544774, 116544788, 116544803, 116544860, 116544976, 116544979, 116544980, 116545023, 116545035, 116542678, 116545044, 116545061, 116545115, 116523196, 116545165, 116545172, 116524129, 116524130, 116524142, 116524148, 116524155, 116525232, 116524159, 116525234, 116525236, 116524173, 116525246, 116524448, 116525248, 116525271, 116545372, 116545371, 116533073, 116524235, 116533076, 116524247, 116544189, 116544192, 116544197, 116524288, 116530538, 116531634, 116539242, 116531635, 116531636, 116541771, 116539636, 116524302, 116524303, 116524307, 116524305, 116524309, 116524317, 116524316, 116544233, 116544238, 116530566, 116530565, 116539253, 116530584, 116544243, 116544262, 116544260, 116544267, 116544266, 116544265, 116544270, 116544271, 116544269, 116544268, 116544272, 116544280, 116544290, 116544295, 116544294, 116545598, 116544301, 116544303, 116544308, 116544319, 116544322, 116544321, 116544320, 116545628, 116544338, 116544342, 116544340, 116545652, 116524397, 116523838, 116539507, 116545269, 116545286, 116544349, 116545316, 116545320, 116544554, 116544580, 116544664, 

Shuppin: 

70217, 65043, 75022, 75031, 75045, 75093, 75104, 75113, 75129, 75137, 75154, 75230, 75265, 75266, 75274, 75289, 75291, 75297, 75302, 75338, 75395, 75466, 75492, 75509, 75518, 75612, 75626, 75641, 75698, 75814, 75817, 75818, 75861, 75873, 23879, 75882, 75899, 75953, 73092, 76003, 76010, 70007, 70008, 70020, 70026, 70034, 65010, 70038, 65012, 65014, 70052, 65024, 70055, 65026, 65051, 80288, 80287, 65064, 70117, 65067, 70129, 65091, 65094, 65099, 70170, 70182, 70183, 70184, 70189, 70190, 70191, 80403, 70209, 70210, 70214, 70212, 70216, 70225, 70224, 70244, 70249, 70276, 70275, 70292, 70302, 70329, 70348, 70346, 70353, 70352, 70351, 70356, 70357, 70355, 70354, 70358, 70366, 70376, 70381, 70380, 80609, 70387, 70389, 70394, 70405, 70408, 70407, 70406, 80639, 70424, 70428, 70426, 80663, 77030, 77084, 77116, 77182, 77199, 73877, 77229, 77233, 74231, 74257, 74341, 
-------------------------------------------------------------
No Transmission/Color/Fuel Type:
116544214, 116544181, 116524467, 116524470, 116524479, 116524493, 116524535, 116524544, 116524553, 116524569, 116524576, 116527510, 116524592, 116524668, 116524703, 116524704, 116524712, 116524727, 116524729, 116524735, 116524737, 116524319, 116524355, 116531660, 116531696, 116530660, 116539490, 116530674, 116544774, 116544788, 116527423, 116544803, 116542200, 116544860, 116544976, 116544979, 116544980, 116545023, 116545035, 116527813, 116542678, 116545044, 116545061, 116523112, 116545115, 116523196, 116545165, 116545172, 116530778, 116545197, 116539538, 116524129, 116524130, 116524142, 116524148, 116524155, 116525232, 116524159, 116525234, 116525236, 116524173, 116525246, 116524448, 116525248, 116525271, 116545372, 116545371, 116533073, 116524235, 116533076, 116533082, 116524247, 116544189, 116544192, 116544197, 116524288, 116530538, 116531634, 116539242, 116531635, 116531636, 116541771, 116539636, 116524302, 116524303, 116524307, 116524305, 116524309, 116524317, 116524316, 116544233, 116544238, 116522900, 116530566, 116530565, 116539253, 116530584, 116544243, 116544262, 116544260, 116544267, 116544266, 116544265, 116544270, 116544271, 116544269, 116544268, 116544272, 116544280, 116544290, 116544295, 116544294, 116545598, 116544301, 116544303, 116544308, 116544314, 116544319, 116544322, 116544321, 116544320, 116544338, 116544342, 116544340, 116545652, 116524397, 116523838, 116539507, 116539427, 116545269, 116545286, 116545310, 116544349, 116545316, 116545320, 116530420, 116530499, 116530503, 116543404, 116544554, 116539106, 116543868, 116544580, 116543902, 116544633, 116544664, 

Shuppin: 

70217, 65043, 75019, 75022, 75031, 75045, 75093, 75104, 75113, 75129, 75137, 12064, 75154, 75230, 75265, 75266, 75274, 75289, 75291, 75297, 75299, 75302, 75338, 75395, 75466, 75492, 75509, 75518, 75612, 75626, 10098, 75641, 20415, 75698, 75814, 75817, 75818, 75861, 75873, 86158, 23879, 75882, 75899, 73008, 75953, 73092, 76003, 76010, 80110, 76035, 80156, 70007, 70008, 70020, 70026, 70034, 65010, 70038, 65012, 65014, 70052, 65024, 70055, 65026, 65051, 80288, 80287, 65064, 70117, 65067, 65074, 70129, 65091, 65094, 65099, 70170, 70182, 70183, 70184, 70189, 70190, 70191, 80403, 70209, 70210, 70214, 70212, 70216, 70225, 70224, 70244, 70249, 73468, 70276, 70275, 70292, 70302, 70329, 70348, 70346, 70353, 70352, 70351, 70356, 70357, 70355, 70354, 70358, 70366, 70376, 70381, 70380, 80609, 70387, 70389, 70394, 70400, 70405, 70408, 70407, 70406, 70424, 70428, 70426, 80663, 77030, 77084, 77116, 73801, 77182, 77199, 77223, 73877, 77229, 77233, 40231, 40315, 40319, 29179, 74231, 40588, 40599, 74257, 40633, 74310, 74341, 
-------------------------------------------------------------
No Equipment:
No issues
-------------------------------------------------------------
Additional Photos Show 'No Foto':
No issues
-------------------------------------------------------------
No Auction Sheet:
No issues
-------------------------------------------------------------
