#############################################################
AucNet AucMon Errors: 

Data Collection lasted for 5 minutes and 44.4 seconds.
Error checking completed within 0.1 seconds.
Finished checking on Monday, 27. January 2020 06:10AM 
#############################################################

No Main Image:
No issues
-------------------------------------------------------------
Japanese Characters:
116465249, 116465942, 116465970, 116465376, 116465395, 116465631, 116465687, 116465750, 116465086, 116465154, 116465859, 116465241, 116466092, 116465246, 116466643, 116464813, 116466530, 116466266, 116466639, 116464452, 116466772, 

Shuppin: 

20002, 30008, 30037, 24508, 25002, 29129, 29184, 29247, 19268, 19335, 29355, 19421, 3488, 1988, 7998, 1868, 6798, 3888, 7958, 12378, 9438, 
-------------------------------------------------------------
Unknown Year/Make/Model:
No issues
-------------------------------------------------------------
Unknown Chassis Prefix:
116466490, 

Shuppin: 

6358, 
-------------------------------------------------------------
No Transmission/Color/Fuel Type:
116464227, 116464236, 116464237, 116464238, 116465936, 116465256, 116465940, 116465939, 116465941, 116465942, 116465943, 116465263, 116465945, 116465944, 116465264, 116465946, 116465947, 116465948, 116465949, 116465950, 116465951, 116465952, 116465954, 116465953, 116465956, 116465955, 116465958, 116465960, 116465962, 116472789, 116465964, 116465988, 116465989, 116465992, 116472790, 116472791, 116465993, 116472793, 116472792, 116465999, 116466000, 116472794, 116466001, 116466002, 116466003, 116466004, 116466006, 116466005, 116466007, 116466008, 116466009, 116466015, 116466018, 116466017, 116466019, 116466020, 116466021, 116466025, 116466039, 116466046, 116466061, 116466052, 116466060, 116466063, 116466062, 116466064, 116466065, 116466074, 116481894, 116466075, 116466076, 116466078, 116466077, 116466079, 116466082, 116466083, 116466100, 116466113, 116465439, 116466126, 116466125, 116466124, 116466127, 116466130, 116466129, 116466142, 116466144, 116466143, 116466146, 116466145, 116466147, 116466148, 116466149, 116466151, 116466150, 116466153, 116466155, 116466154, 116466156, 116466157, 116466158, 116466169, 116466170, 116466177, 116466171, 116466179, 116466180, 116466182, 116466184, 116466185, 116466186, 116466187, 116466188, 116466195, 116466194, 116466198, 116466196, 116466197, 116466199, 116466200, 116466201, 116466202, 116466203, 116466204, 116466205, 116466214, 116466213, 116466219, 116466218, 116466221, 116466220, 116466227, 116466228, 116466230, 116466231, 116466229, 116466232, 116466233, 116466234, 116466236, 116466235, 116466237, 116466238, 116466239, 116466241, 116466242, 116466246, 116464963, 116464964, 116466262, 116466490, 

Shuppin: 

10504, 10513, 10514, 10515, 30002, 20501, 30006, 30005, 30007, 30008, 30009, 20508, 30011, 30010, 20509, 30012, 30013, 30014, 30015, 30016, 30017, 30018, 30020, 30019, 30022, 30021, 30024, 30026, 30028, 30029, 30031, 30055, 30056, 30059, 30061, 30501, 30060, 30503, 30502, 30504, 30505, 30507, 30506, 30508, 30509, 30510, 30512, 30511, 30513, 30514, 30515, 31001, 31004, 31003, 31005, 31006, 31007, 31011, 32004, 32011, 33002, 32017, 33001, 33004, 33003, 33005, 33006, 34001, 33008, 34002, 34003, 34005, 34004, 34006, 34009, 34010, 35020, 36001, 25046, 36014, 36013, 36012, 36015, 36018, 36017, 36030, 36032, 36031, 36034, 36033, 36035, 36036, 36037, 36039, 36038, 36041, 36043, 36042, 36044, 36045, 36046, 36057, 36058, 36501, 36059, 36503, 36504, 36506, 36508, 36509, 36510, 36511, 36512, 36519, 36518, 36522, 36520, 36521, 36523, 36524, 36525, 36526, 36527, 36528, 36529, 37003, 37002, 37010, 37009, 37012, 37011, 37018, 37019, 37021, 37022, 37020, 37023, 37024, 37025, 37029, 37028, 37030, 37031, 37032, 37034, 37035, 37039, 19146, 19147, 3848, 6358, 
-------------------------------------------------------------
No Equipment:
No issues
-------------------------------------------------------------
Additional Photos Show 'No Foto':
No issues
-------------------------------------------------------------
No Auction Sheet:
No issues
-------------------------------------------------------------
