#############################################################
ACA Errors: 

Data Collection lasted for 12 minutes and 33.5 seconds.
Error checking completed within 0.1 seconds.
Finished checking on Thursday, 07. November 2019 07:04AM 
#############################################################

No Main Image:
No issues
-------------------------------------------------------------
Japanese Characters:
115099738, 115084494, 115061264, 115061878, 115110728, 115072608, 115083905, 115072613, 115117861, 115083911, 115078884, 115061954, 

Shuppin: 

112, 6029, 2104, 35113, 2254, 31, 2598, 35130, 30882, 2604, 2202, 4061, 
-------------------------------------------------------------
Unknown Year/Make/Model:
115120191, 115072719, 115120357, 115079307, 115120379, 115100095, 115120382, 

Shuppin: 

31007, 8561, 8717, 5116, 9223, 9179, 9226, 
-------------------------------------------------------------
Unknown Chassis Prefix:
115120357, 115120291, 115084023, 115079573, 115117874, 115079307, 115113545, 115115859, 115120379, 115093041, 115100095, 115084486, 115120262, 115061568, 115113547, 115061765, 115126471, 115120382, 115123890, 115120274, 

Shuppin: 

8717, 6081, 8629, 9124, 30927, 5116, 30906, 5167, 9223, 3133, 9179, 10093, 4461, 3020, 3175, 3057, 3212, 9226, 4475, 4473, 
-------------------------------------------------------------
No Transmission/Color/Fuel Type:
115061962, 115120250, 115120191, 115084500, 115079549, 115120372, 115072719, 115100061, 115120369, 115079353, 115079477, 115100077, 115079479, 115102824, 115072765, 115119528, 115072707, 115120357, 115120291, 115084023, 115079573, 115117874, 115079307, 115113545, 115115859, 115120379, 115093041, 115100095, 115084486, 115120262, 115061568, 115113547, 115061765, 115126471, 115120382, 115123890, 115120274, 115120312, 

Shuppin: 

4069, 4449, 31007, 9139, 9078, 8736, 8561, 8658, 8731, 6044, 8622, 9155, 8625, 9184, 9106, 8714, 8548, 8717, 6081, 8629, 9124, 30927, 5116, 30906, 5167, 9223, 3133, 9179, 10093, 4461, 3020, 3175, 3057, 3212, 9226, 4475, 4473, 7142, 
-------------------------------------------------------------
No Equipment:
No issues
-------------------------------------------------------------
Additional Photos Show 'No Foto':
No issues
-------------------------------------------------------------
No Auction Sheet:
No issues
-------------------------------------------------------------
