#############################################################
CAA ORIX KOBE (TENDER) Errors: 

Data Collection lasted for 4 minutes and 41.8 seconds.
Error checking completed within 0.1 seconds.
Finished checking on Monday, 18. March 2019 08:28PM 
#############################################################
Japanese Characters:
No issues
-------------------------------------------------------------
Unknown Year/Make/Model:
110524541,
110524622,
110524462,
110524403,
110524404,
110524280,
110524281,
110524166,
110524278,
110524296,
-------------------------------------------------------------
Unknown Chassis Prefix:
No issues
-------------------------------------------------------------
No Transmission/Color/Fuel Type:
110524622,
110524613,
110524384,
-------------------------------------------------------------
No Equipment:
No issues
-------------------------------------------------------------
Missing Yor:
110524539,
110524565,
110524623,
110524531,
110524568,
110524673,
110524608,
110524499,
110524520,
110524503,
110524484,
110524502,
110524527,
110524524,
110524570,
110524667,
110524638,
110524651,
110524567,
110524648,
110524596,
110524591,
110524575,
110524647,
110524577,
110524544,
110524555,
110524545,
110524494,
110524506,
110524627,
110524618,
110524611,
110524607,
110524631,
110524626,
110524604,
110524628,
110524584,
110524592,
110524511,
110524574,
110524583,
110524572,
110524490,
110524559,
110524560,
110524538,
110524541,
110524645,
110524540,
110524566,
110524569,
110524510,
110524509,
110524637,
110524525,
110524639,
110524535,
110524522,
110524660,
110524521,
110524649,
110524597,
110524485,
110524669,
110524496,
110524593,
110524586,
110524516,
110524495,
110524640,
110524670,
110524507,
110524493,
110524537,
110524579,
110524553,
110524554,
110524556,
110524542,
110524519,
110524492,
110524491,
110524543,
110524590,
110524504,
110524546,
110524582,
110524578,
110524508,
110524489,
110524594,
110524580,
110524668,
110524598,
110524644,
110524656,
110524588,
110524657,
110524661,
110524658,
110524655,
110524659,
110524534,
110524571,
110524603,
110524671,
110524678,
110524549,
110524622,
110524564,
110524662,
110524663,
110524487,
110524573,
110524677,
110524589,
110524505,
110524672,
110524630,
110524548,
110524595,
110524643,
110524600,
110524529,
110524632,
110524676,
110524641,
110524515,
110524550,
110524642,
110524615,
110524616,
110524605,
110524617,
110524606,
110524619,
110524497,
110524675,
110524526,
110524633,
110524500,
110524576,
110524513,
110524551,
110524610,
110524532,
110524653,
110524652,
110524514,
110524650,
110524635,
110524636,
110524517,
110524512,
110524674,
110524665,
110524523,
110524563,
110524634,
110524601,
110524530,
110524486,
110524536,
110524501,
110524528,
110524666,
110524581,
110524625,
110524654,
110524621,
110524614,
110524602,
110524612,
110524629,
110524552,
110524498,
110524562,
110524609,
110524557,
110524558,
110524561,
110524518,
110524646,
110524587,
110524488,
110524547,
110524664,
110524585,
110524533,
110524620,
110524599,
110524613,
110524400,
110524076,
110524381,
110524158,
110524467,
110524339,
110524168,
110524458,
110524140,
110524080,
110524402,
110524373,
110524212,
110524213,
110524217,
110524174,
110524210,
110524202,
110524133,
110524260,
110524177,
110524448,
110524452,
110524449,
110524267,
110524274,
110524478,
110524197,
110524190,
110524476,
110524218,
110524261,
110524211,
110524270,
110524262,
110524266,
110524265,
110524259,
110524196,
110524483,
110524068,
110524271,
110524480,
110524199,
110524371,
110524341,
110524469,
110524308,
110524342,
110524346,
110524083,
110524453,
110524175,
110524283,
110524409,
110524416,
110524433,
110524269,
110524148,
110524145,
110524193,
110524082,
110524086,
110524216,
110524215,
110524201,
110524156,
110524369,
110524429,
110524451,
110524195,
110524220,
110524074,
110524089,
110524071,
110524106,
110524072,
110524421,
110524295,
110524205,
110524366,
110524482,
110524130,
110524077,
110524349,
110524352,
110524405,
110524160,
110524119,
110524407,
110524161,
110524408,
110524345,
110524178,
110524242,
110524155,
110524229,
110524240,
110524357,
110524355,
110524460,
110524359,
110524282,
110524387,
110524401,
110524184,
110524146,
110524285,
110524462,
110524403,
110524404,
110524280,
110524281,
110524166,
110524278,
110524296,
110524243,
110524234,
110524358,
110524073,
110524128,
110524365,
110524276,
110524441,
110524090,
110524094,
110524093,
110524258,
110524126,
110524127,
110524363,
110524367,
110524446,
110524395,
110524249,
110524439,
110524431,
110524396,
110524399,
110524479,
110524368,
110524192,
110524411,
110524412,
110524398,
110524203,
110524385,
110524189,
110524264,
110524423,
110524246,
110524081,
110524230,
110524472,
110524288,
110524179,
110524111,
110524225,
110524413,
110524470,
110524284,
110524141,
110524129,
110524272,
110524200,
110524088,
110524427,
110524138,
110524442,
110524444,
110524424,
110524447,
110524438,
110524477,
110524378,
110524125,
110524104,
110524450,
110524364,
110524430,
110524436,
110524437,
110524191,
110524361,
110524443,
110524426,
110524110,
110524348,
110524347,
110524134,
110524356,
110524294,
110524219,
110524101,
110524481,
110524370,
110524164,
110524372,
110524383,
110524392,
110524377,
110524085,
110524435,
110524123,
110524384,
110524391,
110524226,
110524227,
110524463,
110524223,
110524461,
110524224,
110524222,
110524232,
110524186,
110524379,
110524293,
110524238,
110524132,
110524117,
110524263,
110524103,
110524092,
110524198,
110524091,
110524131,
110524124,
110524455,
110524239,
110524468,
110524105,
110524465,
110524277,
110524241,
110524147,
110524298,
110524418,
110524070,
110524135,
110524114,
110524066,
110524456,
110524182,
110524334,
110524335,
110524324,
110524333,
110524096,
110524095,
110524328,
110524221,
110524245,
110524279,
110524180,
110524406,
110524078,
110524337,
110524330,
110524097,
110524434,
110524331,
110524163,
110524291,
110524144,
110524118,
110524098,
110524069,
110524244,
110524169,
110524253,
110524415,
110524113,
110524187,
110524087,
110524422,
110524389,
110524292,
110524121,
110524388,
110524231,
110524112,
110524353,
110524344,
110524397,
110524206,
110524208,
110524108,
110524425,
110524107,
110524194,
110524214,
110524432,
110524149,
110524376,
110524207,
110524268,
110524428,
110524440,
110524115,
110524252,
-------------------------------------------------------------
No Yor Image:
110534272,
-------------------------------------------------------------
Image Show No Foto:
No issues
-------------------------------------------------------------
No Auction Sheet:
No issues
-------------------------------------------------------------
