#############################################################
CAA ORIX FUKUOKA (TENDER) Errors: 

Data Collection lasted for 1 minute and 33.4 seconds.
Error checking completed within 0.0 seconds.
Finished checking on Monday, 18. March 2019 08:21PM 
#############################################################
Japanese Characters:
No issues
-------------------------------------------------------------
Unknown Year/Make/Model:
110524541,
110524622,
-------------------------------------------------------------
Unknown Chassis Prefix:
No issues
-------------------------------------------------------------
No Transmission/Color/Fuel Type:
110524622,
110524613,
-------------------------------------------------------------
No Equipment:
No issues
-------------------------------------------------------------
Missing Yor:
110524539,
110524565,
110524623,
110524531,
110524568,
110524673,
110524608,
110524499,
110524520,
110524503,
110524484,
110524502,
110524527,
110524524,
110524570,
110524667,
110524638,
110524651,
110524567,
110524648,
110524596,
110524591,
110524575,
110524647,
110524577,
110524544,
110524555,
110524545,
110524494,
110524506,
110524627,
110524618,
110524611,
110524607,
110524631,
110524626,
110524604,
110524628,
110524584,
110524592,
110524511,
110524574,
110524583,
110524572,
110524490,
110524559,
110524560,
110524538,
110524541,
110524645,
110524540,
110524566,
110524569,
110524510,
110524509,
110524637,
110524525,
110524639,
110524535,
110524522,
110524660,
110524521,
110524649,
110524597,
110524485,
110524669,
110524496,
110524593,
110524586,
110524516,
110524495,
110524640,
110524670,
110524507,
110524493,
110524537,
110524579,
110524553,
110524554,
110524556,
110524542,
110524519,
110524492,
110524491,
110524543,
110524590,
110524504,
110524546,
110524582,
110524578,
110524508,
110524489,
110524594,
110524580,
110524668,
110524598,
110524644,
110524656,
110524588,
110524657,
110524661,
110524658,
110524655,
110524659,
110524534,
110524571,
110524603,
110524671,
110524678,
110524549,
110524622,
110524564,
110524662,
110524663,
110524487,
110524573,
110524677,
110524589,
110524505,
110524672,
110524630,
110524548,
110524595,
110524643,
110524600,
110524529,
110524632,
110524676,
110524641,
110524515,
110524550,
110524642,
110524615,
110524616,
110524605,
110524617,
110524606,
110524619,
110524497,
110524675,
110524526,
110524633,
110524500,
110524576,
110524513,
110524551,
110524610,
110524532,
110524653,
110524652,
110524514,
110524650,
110524635,
110524636,
110524517,
110524512,
110524674,
110524665,
110524523,
110524563,
110524634,
110524601,
110524530,
110524486,
110524536,
110524501,
110524528,
110524666,
110524581,
110524625,
110524654,
110524621,
110524614,
110524602,
110524612,
110524629,
110524552,
110524498,
110524562,
110524609,
110524557,
110524558,
110524561,
110524518,
110524646,
110524587,
110524488,
110524547,
110524664,
110524585,
110524533,
110524620,
110524599,
110524613,
-------------------------------------------------------------
No Yor Image:
110534272,
-------------------------------------------------------------
Image Show No Foto:
No issues
-------------------------------------------------------------
No Auction Sheet:
No issues
-------------------------------------------------------------
