#############################################################
USS Tokyo Errors: 

Data Collection lasted for 30 minutes and 19.7 seconds.
Error checking completed within 0.3 seconds.
Finished checking on Thursday, 13. February 2020 06:37AM 
#############################################################

No Main Image:
No issues
-------------------------------------------------------------
Japanese Characters:
116810913, 116810917, 116810915, 116811077, 116811100, 116811109, 116811053, 116811005, 116810989, 116810995, 116811031, 116810642, 116810604, 116810744, 116811026, 116811104, 116811154, 116811144, 116811149, 116811151, 116811150, 116811153, 116811143, 116811001, 116811084, 116811051, 116811095, 116810973, 116811107, 116811067, 116811071, 116811029, 116811066, 116810901, 116811036, 116810966, 116811043, 116811114, 116811010, 116810963, 116810721, 116810675, 116810720, 116810613, 116810657, 116810674, 116811266, 116810740, 116810653, 116810603, 116810755, 116811072, 116811065, 116811040, 116811083, 116811025, 116810835, 116811086, 116811093, 116811090, 116811032, 116811102, 116811166, 116811128, 116810830, 116810814, 116810844, 116810573, 116810816, 116811064, 116811103, 116810984, 116810964, 116810985, 116810928, 116811085, 116811034, 116811023, 116810870, 116811069, 116810898, 116810920, 116810930, 116810951, 116810912, 116810934, 116810944, 116810938, 116810896, 116810923, 116810919, 116810956, 116810953, 116810914, 116810883, 116810952, 116810888, 116810892, 116810881, 116810916, 116810955, 116810894, 116810937, 116810929, 

Shuppin: 

20625, 20629, 20627, 23871, 23894, 23903, 23847, 23799, 23781, 23788, 23825, 1071, 1030, 1174, 23820, 23898, 3245, 3234, 3239, 3242, 3240, 3244, 3233, 23795, 23878, 23845, 23889, 23764, 23901, 23861, 23865, 23823, 23860, 20613, 23830, 23756, 23837, 23908, 23804, 23753, 1150, 1104, 1149, 1040, 1086, 1103, 996, 1170, 1082, 1029, 1185, 23866, 23859, 23834, 23877, 23819, 2006, 23880, 23887, 23884, 23826, 23896, 3257, 3191, 12296, 12280, 20555, 10194, 12282, 23858, 23897, 23776, 23754, 23777, 20640, 23879, 23828, 23817, 20581, 23863, 20610, 20632, 20642, 20663, 20624, 20646, 20656, 20650, 20608, 20635, 20631, 20668, 20665, 20626, 20595, 20664, 20600, 20604, 20593, 20628, 20667, 20606, 20649, 20641, 
-------------------------------------------------------------
Unknown Year/Make/Model:
116802468, 116789083, 

Shuppin: 

70356, 84314, 
-------------------------------------------------------------
Unknown Chassis Prefix:
116811177, 116790609, 116812335, 116789541, 116812263, 116812999, 116801622, 116796634, 116794290, 116789837, 116801565, 116802813, 116789626, 116803204, 116789668, 116789707, 116801687, 116812334, 116813012, 116802602, 116793562, 116801663, 116789492, 116802589, 116812218, 116802597, 116796683, 116812809, 116811593, 116811419, 116811420, 116803223, 116788824, 116788829, 116788832, 116788840, 116788844, 116788845, 116788843, 116788847, 116788850, 116788848, 116788849, 116788853, 116792757, 116788851, 116793544, 116788860, 116801308, 116801311, 116801310, 116801309, 116801316, 116801314, 116811373, 116793546, 116796584, 116802444, 116802450, 116796586, 116802451, 116802456, 116802468, 116801372, 116802471, 116793552, 116802479, 116802482, 116802484, 116788873, 116788883, 116789845, 116788903, 116788913, 116788930, 116812399, 116811980, 116788938, 116812390, 116812363, 116789105, 116801730, 116801414, 116798509, 116811983, 116802086, 116789083, 116798648, 116812809, 

Shuppin: 

3268, 82004, 75990, 75084, 75903, 75918, 75654, 75678, 23453, 75395, 75557, 75559, 75171, 75444, 75214, 75257, 75791, 75989, 76006, 75818, 75508, 75745, 75033, 75771, 75829, 75796, 80187, 80517, 80596, 80288, 80289, 80491, 70175, 70180, 70184, 70192, 70198, 70199, 70197, 70201, 70204, 70202, 70203, 70208, 70205, 70206, 70216, 70217, 70230, 70236, 70235, 70234, 70244, 70241, 40703, 70277, 70282, 70295, 70316, 70315, 70317, 70328, 70356, 70357, 70362, 70365, 70371, 70375, 70394, 77007, 77018, 77028, 77042, 77052, 77070, 77251, 77212, 77080, 77240, 77196, 29023, 77152, 73788, 73866, 84430, 84250, 84314, 74087, 80517, 
-------------------------------------------------------------
No Transmission/Color/Fuel Type:
116811177, 116789799, 116789796, 116789498, 116789790, 116802560, 116790609, 116812335, 116789541, 116812263, 116812999, 116801622, 116796634, 116794290, 116789837, 116801565, 116802813, 116789626, 116803204, 116789668, 116789707, 116801687, 116812334, 116813012, 116802602, 116793562, 116801663, 116789492, 116802589, 116812218, 116802597, 116789966, 116795194, 116796683, 116812809, 116811593, 116811419, 116811420, 116803223, 116788824, 116788829, 116788832, 116788840, 116788844, 116788845, 116788843, 116788847, 116788850, 116788848, 116788849, 116788853, 116792757, 116788851, 116793544, 116788860, 116802422, 116801308, 116801311, 116801310, 116801309, 116801316, 116801314, 116811373, 116793546, 116796584, 116802444, 116802450, 116796586, 116802451, 116802456, 116802468, 116801372, 116802471, 116793552, 116802479, 116802482, 116802484, 116793487, 116793501, 116787920, 116788873, 116788883, 116801293, 116789845, 116788903, 116788913, 116788930, 116812399, 116811980, 116788938, 116812390, 116812363, 116794478, 116789105, 116801730, 116801414, 116798509, 116811983, 116802086, 116789083, 116798648, 116813427, 116812809, 

Shuppin: 

3268, 75353, 75350, 75039, 75344, 75702, 82004, 75990, 75084, 75903, 75918, 75654, 75678, 23453, 75395, 75557, 75559, 75171, 75444, 75214, 75257, 75791, 75989, 76006, 75818, 75508, 75745, 75033, 75771, 75829, 75796, 12139, 25485, 80187, 80517, 80596, 80288, 80289, 80491, 70175, 70180, 70184, 70192, 70198, 70199, 70197, 70201, 70204, 70202, 70203, 70208, 70205, 70206, 70216, 70217, 70232, 70230, 70236, 70235, 70234, 70244, 70241, 40703, 70277, 70282, 70295, 70316, 70315, 70317, 70328, 70356, 70357, 70362, 70365, 70371, 70375, 70394, 40165, 40180, 73557, 77007, 77018, 30423, 77028, 77042, 77052, 77070, 77251, 77212, 77080, 77240, 77196, 40302, 29023, 77152, 73788, 73866, 84430, 84250, 84314, 74087, 26503, 80517, 
-------------------------------------------------------------
No Equipment:
No issues
-------------------------------------------------------------
Additional Photos Show 'No Foto':
No issues
-------------------------------------------------------------
No Auction Sheet:
No issues
-------------------------------------------------------------
