#############################################################
USS Nagoya Errors: 

Data Collection lasted for 22 minutes and 45.9 seconds.
Error checking completed within 0.1 seconds.
Finished checking on Friday, 24. January 2020 06:38AM 
#############################################################

No Main Image:
No issues
-------------------------------------------------------------
Japanese Characters:
No issues
-------------------------------------------------------------
Unknown Year/Make/Model:
116431268, 116418681, 116418743, 116427177, 116421043, 116427827, 116427916, 

Shuppin: 

35167, 58060, 58193, 58266, 11296, 20349, 20682, 
-------------------------------------------------------------
Unknown Chassis Prefix:
116424831, 116417073, 116419356, 116433028, 116437551, 116420460, 116420462, 116427963, 116420633, 116420634, 116428199, 116418683, 116428852, 116439143, 116427155, 116428863, 116427163, 116418727, 116428864, 116418744, 116418752, 116419978, 116427173, 116418772, 116418778, 116419989, 116418790, 116418804, 116418807, 116422039, 116416544, 116421065, 116436657, 116437816, 116437490, 116417560, 116417574, 116418666, 116424635, 116427795, 116424637, 116417643, 116424639, 116424638, 116417644, 116419572, 116417649, 116417655, 116419576, 116419579, 116417666, 116424651, 116417680, 116417681, 116419585, 116417682, 116424654, 116417234, 116427821, 116419589, 116427827, 116417690, 116424704, 116424705, 116424707, 116417248, 116419601, 116417258, 116424715, 116427839, 116424717, 116427840, 116424730, 116417266, 116417269, 116417268, 116424747, 116417274, 116417275, 116419607, 116417294, 116419614, 116417299, 116417300, 116424762, 116417305, 116417308, 116424784, 116424806, 116427901, 116427902, 116432975, 116432978, 116427940, 116432982, 116432981, 116433019, 116433020, 116439116, 116437544, 116437548, 116439125, 

Shuppin: 

25022, 25034, 25059, 25081, 25088, 35045, 35052, 30005, 58048, 58055, 35286, 58064, 58070, 35333, 58117, 58157, 58161, 58162, 58166, 58195, 58208, 58220, 58234, 58240, 58251, 58268, 58280, 58311, 58314, 11103, 11175, 11322, 58557, 58570, 11370, 20012, 20039, 40165, 20176, 20178, 20180, 20179, 20183, 20182, 20181, 20192, 20191, 20208, 20213, 20225, 20227, 20257, 20256, 20259, 20258, 20260, 20264, 20317, 20316, 20321, 20349, 20358, 20368, 20371, 20378, 20385, 20399, 20405, 20419, 20418, 20422, 20421, 20443, 20446, 20450, 20449, 20477, 20494, 20495, 20496, 20528, 20533, 20538, 20539, 20543, 20550, 20561, 20596, 20629, 20667, 20668, 20712, 20715, 20719, 20724, 20723, 20782, 20783, 20802, 20805, 20810, 20822, 
-------------------------------------------------------------
No Transmission/Color/Fuel Type:
116424831, 116417073, 116417318, 116419356, 116433028, 116437551, 116436909, 116420460, 116420462, 116427963, 116439259, 116420633, 116420634, 116428199, 116418683, 116428852, 116439143, 116427155, 116428863, 116427163, 116418727, 116428864, 116418744, 116418752, 116419978, 116427173, 116418772, 116418778, 116419989, 116418790, 116418804, 116418807, 116422039, 116427216, 116416544, 116416547, 116419970, 116421065, 116436657, 116437816, 116439201, 116437490, 116417560, 116417574, 116426849, 116418666, 116424635, 116427795, 116424637, 116417643, 116424639, 116424638, 116417644, 116427090, 116419572, 116417649, 116417655, 116419576, 116419579, 116417666, 116424651, 116417680, 116417681, 116419585, 116417682, 116424654, 116417234, 116427821, 116419589, 116427827, 116417690, 116424704, 116424705, 116424707, 116417248, 116419601, 116417258, 116424715, 116427839, 116424717, 116427840, 116424730, 116417266, 116417269, 116417268, 116424747, 116417274, 116417275, 116419607, 116417294, 116419614, 116417299, 116417300, 116424762, 116417305, 116417308, 116424784, 116424806, 116427901, 116427902, 116432975, 116420602, 116432978, 116427940, 116432982, 116432981, 116436267, 116436268, 116433019, 116433020, 116439116, 116437544, 116437548, 116439125, 116428443, 

Shuppin: 

25022, 25034, 25039, 25059, 25081, 25088, 85257, 35045, 35052, 30005, 60580, 58048, 58055, 35286, 58064, 58070, 35333, 58117, 58157, 58161, 58162, 58166, 58195, 58208, 58220, 58234, 58240, 58251, 58268, 58280, 58311, 58314, 11103, 58413, 11175, 11181, 50279, 11322, 58557, 58570, 58585, 11370, 20012, 20039, 20099, 40165, 20176, 20178, 20180, 20179, 20183, 20182, 20181, 50542, 20192, 20191, 20208, 20213, 20225, 20227, 20257, 20256, 20259, 20258, 20260, 20264, 20317, 20316, 20321, 20349, 20358, 20368, 20371, 20378, 20385, 20399, 20405, 20419, 20418, 20422, 20421, 20443, 20446, 20450, 20449, 20477, 20494, 20495, 20496, 20528, 20533, 20538, 20539, 20543, 20550, 20561, 20596, 20629, 20667, 20668, 20712, 40886, 20715, 20719, 20724, 20723, 40956, 40957, 20782, 20783, 20802, 20805, 20810, 20822, 43004, 
-------------------------------------------------------------
No Equipment:
No issues
-------------------------------------------------------------
Additional Photos Show 'No Foto':
No issues
-------------------------------------------------------------
No Auction Sheet:
No issues
-------------------------------------------------------------
