#############################################################
USS Nagoya Errors: 

Data Collection lasted for 25 minutes and 3.0 seconds.
Error checking completed within 0.1 seconds.
Finished checking on Friday, 21. February 2020 06:31AM 
#############################################################

No Main Image:
No issues
-------------------------------------------------------------
Japanese Characters:
116979085, 116979474, 116979084, 116979089, 116979280, 116979647, 116979345, 116979578, 116979362, 116979483, 116978988, 116979531, 116979592, 116979601, 116979160, 116979572, 116979237, 116979141, 116979714, 116979133, 116979192, 116979184, 116979005, 116979338, 116979176, 116979317, 116979493, 116979674, 116979675, 116979682, 116979411, 116979695, 116979694, 116979428, 116979473, 116979418, 116979673, 116979790, 116979206, 116979185, 116979706, 116979419, 116978970, 116979685, 116979161, 116979631, 116979030, 116979504, 116979408, 116979397, 116979665, 116979245, 116978996, 116978993, 116979054, 116979521, 116979505, 116979725, 116979727, 116978952, 116979263, 116979095, 116979249, 116979530, 116979490, 116979354, 116979637, 116979611, 116979651, 116979131, 116979352, 116979322, 116979494, 116979520, 116979241, 116979026, 116979484, 116979016, 116979562, 116979495, 116979025, 

Shuppin: 

20626, 58502, 20625, 20630, 483, 60553, 51388, 60484, 540, 60327, 1363, 60437, 60498, 60507, 35314, 60478, 4248, 33080, 80811, 30231, 40818, 40730, 1401, 51381, 35330, 51360, 60398, 80763, 80768, 80779, 55532, 80792, 80791, 55549, 58501, 55539, 80761, 85419, 40839, 40802, 80803, 55540, 11426, 80782, 35315, 60537, 1426, 60410, 55529, 55518, 6387, 430, 1386, 1376, 15114, 60427, 60411, 8385, 8387, 11400, 4362, 20679, 4346, 60436, 60391, 530, 60543, 60517, 60557, 25116, 523, 51365, 60400, 60426, 4259, 1422, 60337, 1412, 60468, 60401, 1421, 
-------------------------------------------------------------
Unknown Year/Make/Model:
116979055, 116970888, 116966613, 116966610, 116979154, 116958600, 116958569, 116958483, 116958272, 116958427, 116956739, 116956746, 116967689, 116957036, 116957742, 116957048, 116957623, 116957128, 116957622, 116967730, 116957673, 116957739, 116967685, 116978555, 116970040, 116979059, 116957477, 116957729, 116956987, 116957156, 116956083, 116969887, 116979115, 

Shuppin: 

20403, 25082, 35114, 35111, 35230, 58374, 58340, 58254, 58043, 58198, 11111, 11118, 20295, 20389, 20584, 20401, 20182, 20528, 20181, 20635, 20232, 20580, 20097, 20763, 20711, 20599, 20032, 20520, 20317, 20561, 43002, 43007, 20788, 
-------------------------------------------------------------
Unknown Chassis Prefix:
No issues
-------------------------------------------------------------
No Transmission/Color/Fuel Type:
116979223, 116979055, 116979109, 116979124, 116957177, 116970888, 116966610, 116966679, 116979154, 116966645, 116958238, 116978700, 116958482, 116958298, 116970494, 116958600, 116958534, 116958605, 116958345, 116958441, 116957746, 116958308, 116958334, 116958589, 116958569, 116958483, 116958272, 116958553, 116958350, 116978545, 116956739, 116956746, 116957154, 116957682, 116979103, 116957742, 116978560, 116957048, 116970061, 116957627, 116957681, 116978553, 116957619, 116957661, 116970020, 116956965, 116957623, 116957131, 116957621, 116957461, 116957620, 116957096, 116957095, 116970082, 116957598, 116957140, 116957057, 116978550, 116957098, 116967684, 116957128, 116957674, 116979116, 116957626, 116957062, 116957617, 116957622, 116957480, 116967730, 116957624, 116957093, 116970083, 116957673, 116957125, 116957455, 116957103, 116979112, 116979121, 116970044, 116957069, 116957728, 116957625, 116957104, 116979102, 116970081, 116957739, 116967685, 116978555, 116970040, 116957719, 116979059, 116957477, 116971719, 116957729, 116956987, 116957156, 116970070, 116957734, 116957138, 116957097, 116957465, 116957628, 116969988, 116979119, 116957680, 116957025, 116957094, 116957524, 116956041, 116955872, 116956235, 116969874, 116969886, 116956083, 116969887, 116956082, 116979068, 116979115, 116978962, 116978635, 116979117, 116979110, 116979193, 

Shuppin: 

40856, 20403, 20778, 25033, 85012, 25082, 35111, 35244, 35230, 35193, 58009, 58490, 58253, 58069, 58467, 58374, 58305, 58380, 58116, 58212, 58393, 58079, 58105, 58362, 58340, 58254, 58043, 58324, 58121, 15103, 11111, 11118, 20559, 20242, 20764, 20584, 20772, 20401, 20734, 20186, 20241, 20761, 20178, 20220, 20638, 20293, 20182, 20531, 20180, 20015, 20179, 20454, 20453, 20755, 20157, 20541, 20411, 20678, 20457, 20020, 20528, 20233, 20789, 20185, 20416, 20176, 20181, 20035, 20635, 20183, 20451, 20756, 20232, 20525, 20009, 20462, 20785, 20794, 20715, 20423, 20519, 20184, 20463, 20710, 20754, 20580, 20097, 20763, 20711, 20280, 20599, 20032, 20677, 20520, 20317, 20561, 20743, 20557, 20539, 20456, 20019, 20187, 20455, 20792, 20239, 20378, 20452, 20080, 40669, 40486, 40040, 40783, 43006, 43002, 43007, 43001, 20608, 20788, 11418, 43004, 20790, 20779, 40822, 
-------------------------------------------------------------
No Equipment:
No issues
-------------------------------------------------------------
Additional Photos Show 'No Foto':
No issues
-------------------------------------------------------------
No Auction Sheet:
No issues
-------------------------------------------------------------
