#############################################################
CAA LUM TOKYO (TENDER) Errors: 

Data Collection lasted for 3 minutes and 7.3 seconds.
Error checking completed within 10 minutes and 28.2 seconds.
Finished checking on Tuesday, 02. April 2019 10:48PM 
#############################################################
No Foto On Main Image:
No issues
-------------------------------------------------------------
Japanese Characters:
No issues
-------------------------------------------------------------
Unknown Year/Make/Model:
No issues
-------------------------------------------------------------
Unknown Chassis Prefix:
No issues
-------------------------------------------------------------
No Transmission/Color/Fuel Type:
No issues
-------------------------------------------------------------
No Equipment:
No issues
-------------------------------------------------------------
Missing Yor:
110897284, 110894386, 110894416, 110894613, 110894520, 110894444, 110894455, 110894628, 110894513, 110894471, 110894553, 110894454, 110894428, 110894430, 110894427, 110894453, 110894449, 110894450, 110894451, 110894459, 110894440, 110894472, 110894463, 110894465, 110894424, 110894431, 110894466, 110894452, 110894473, 110894439, 110897308, 110897422, 110894528, 110894445, 110894425, 110897279, 110897285, 110897330, 110897391, 110897425, 110897427, 110897471, 110897298, 110897280, 110897416, 110897289, 110897433, 110897424, 110897322, 110897392, 110897390, 110897431, 110897399, 110897469, 110897337, 110897476, 110897339, 110897310, 110897460, 110897423, 110897311, 110897318, 110897292, 110897378, 110897347, 110897345, 110897463, 110894548, 110894577, 110894575, 110894483, 110894486, 110894635, 110894633, 110894631, 110894636, 110894634, 110894632, 110894474, 110897421, 110897363, 110897351, 110897467, 110897358, 110902531, 110902558, 110902532, 110897354, 110897352, 110902547, 110902526, 110902553, 110897442, 110902540, 110897370, 110897459, 110897457, 110897366, 110897461, 110897468, 110897465, 110902522, 110902556, 110902555, 110902528, 110902544, 110902527, 110902551, 110902524, 110902520, 110902538, 110902525, 110902529, 110902548, 110897349, 110897342, 110897458, 110902554, 110902546, 110902552, 110902537, 110897296, 110902549, 110897441, 110894405, 110894397, 110894438, 110894535, 110894476, 110894468, 110894411, 110897403, 110897325, 110897277, 110897336, 110897276, 110897301, 110897278, 110897331, 110897341, 110897367, 110897317, 110897323, 110897418, 110897334, 110897335, 110897312, 110897333, 110897295, 110897420, 110897348, 110897368, 110897293, 110897375, 110897439, 110897462, 110897376, 110897430, 110897305, 110897436, 110897382, 110897451, 110897404, 110897450, 110897440, 110897401, 110897379, 110897402, 110894552, 110902543, 110902545, 110902542, 110902557, 110902550, 110902521, 110897408, 110897316, 110897274, 110897371, 110897389, 110897373, 110897372, 110894376, 110894558, 110894592, 110894590, 110894591, 110894398, 110894464, 110894379, 110894400, 110894609, 110894510, 110894606, 110894602, 110894607, 110894447, 110894594, 110894568, 110894622, 110897350, 110897307, 110894418, 110894491, 110894492, 110894580, 110894493, 110897410, 110897327, 110897275, 110897411, 110897443, 110897474, 110897429, 110897445, 110897444, 110897283, 110897344, 110897294, 110897446, 110897455, 110897453, 110897398, 110897452, 110897400, 110897447, 110897454, 110897387, 110894406, 110897393, 110897448, 110897326, 110897287, 110897438, 110897396, 110897413, 110897435, 110897470, 110894589, 110894399, 110894618, 110894509, 110894563, 110894412, 110894598, 110894395, 110894605, 110894557, 110894497, 110894536, 110894565, 110894404, 110894441, 110894562, 110894567, 110894489, 110894511, 110894578, 110894595, 110894394, 110894596, 110894559, 110894617, 110894498, 110894620, 110894403, 110894392, 110894581, 110894371, 110894537, 110894370, 110894544, 110894462, 110894373, 110894561, 110894614, 110894381, 110897419, 110897364, 110894573, 110894419, 110897388, 110897281, 110897332, 110897406, 110897405, 110897355, 110894588, 110894587, 110894593, 110894437, 110894507, 110897361, 110897286, 110897449, 110897365, 110897362, 110894583, 110894611, 110894503, 110894532, 110894390, 110894470, 110894624, 110894477, 110894621, 110894608, 110894543, 110894467, 110894432, 110894597, 110894554, 110894533, 110894574, 110894426, 110894576, 110894435, 110894616, 110894623, 110894529, 110894539, 110894540, 110894458, 110894382, 110897434, 110897288, 110897340, 110897282, 110897290, 110897299, 110897303, 110897291, 110897412, 110897380, 110897384, 110897385, 110897297, 110897456, 110897395, 110897426, 110897369, 110897343, 110897304, 110897300, 110897383, 110897409, 110897407, 110897329, 110897313, 110897394, 110897309, 110897315, 110897314, 110897328, 110897475, 110897464, 110897386, 110894417, 110894487, 110894501, 110894572, 110894619, 110894413, 110894391, 110894380, 110894517, 110894485, 110894429, 110894516, 110894512, 110897324, 110897466, 110897319, 110894393, 110897437, 110894387, 110897374, 110894579, 110897338, 110894531, 110894604, 110894374, 110894377, 110897417, 110897321, 110897302, 110894521, 110894481, 110894584, 110894410, 110894570, 110894534, 110894545, 110894480, 110894530, 110894372, 110894384, 110894378, 110897377, 110897320, 

Shuppin: 

26473, 26460, 26668, 82760, 7002, 26742, 26763, 82800, 6972, 26799, 7084, 26762, 26714, 26718, 26712, 26761, 26755, 26758, 26759, 26771, 26733, 26800, 26777, 26779, 26704, 26719, 26780, 26760, 26802, 26732, 26654, 7045, 7021, 26746, 26706, 26203, 26474, 26705, 6971, 7059, 7064, 82781, 26579, 26259, 7025, 26517, 7075, 7058, 26680, 6973, 6970, 7071, 6985, 82764, 26723, 91715, 26734, 26658, 71245, 7046, 26659, 26675, 26526, 6942, 26776, 26770, 82723, 7065, 71233, 7123, 6181, 6278, 91723, 91720, 91717, 91724, 91721, 91719, 26805, 7037, 61386, 61268, 82750, 61374, 61354, 91714, 61383, 61360, 61355, 7073, 26688, 71225, 7107, 7007, 6744, 71238, 71223, 6267, 82452, 82763, 82743, 26592, 82796, 71235, 26756, 7048, 26716, 71212, 26650, 26484, 6853, 26651, 26782, 7093, 26804, 26753, 71224, 71227, 7069, 71214, 6830, 26559, 7097, 7106, 26645, 26573, 26731, 7038, 26807, 26785, 26662, 6993, 26687, 26052, 26717, 26051, 26630, 26145, 26708, 26745, 6569, 26672, 26682, 7028, 26711, 26713, 26660, 26710, 26550, 7034, 26783, 6736, 26540, 6933, 7103, 82720, 6934, 7068, 26637, 7092, 6958, 7121, 6994, 7120, 7104, 6990, 6943, 6992, 7082, 7047, 7060, 7044, 91709, 7117, 26545, 6998, 26671, 25613, 6843, 6968, 6911, 6883, 26161, 7095, 82511, 82467, 82485, 26575, 26778, 26340, 26578, 82741, 6961, 82731, 82725, 82738, 26751, 82588, 71208, 82783, 481, 26652, 26689, 6770, 6774, 71242, 6781, 7005, 26692, 25701, 7006, 7109, 82798, 7067, 7113, 7112, 26433, 26768, 26543, 71176, 71219, 71217, 6984, 71216, 6986, 71177, 71218, 6965, 26646, 6975, 7119, 26691, 26502, 7102, 6980, 7018, 7086, 82775, 82439, 26576, 82776, 6959, 7108, 26664, 82699, 26554, 82730, 7090, 6908, 7039, 71142, 26631, 26735, 7105, 71204, 6716, 6967, 71236, 82609, 26553, 82690, 7096, 82771, 6912, 82778, 26614, 26547, 71244, 21198, 7040, 1732, 7055, 26775, 25913, 7099, 82761, 26414, 7029, 61393, 71228, 26690, 6966, 26388, 26709, 6996, 6995, 61362, 82433, 82416, 82521, 26730, 6955, 61377, 26485, 71199, 6166, 61379, 71248, 82754, 6930, 7032, 26512, 26787, 82791, 5742, 82782, 82739, 7054, 26781, 26720, 82697, 7085, 7035, 71229, 26707, 71231, 26725, 82768, 82784, 7022, 7049, 7050, 26769, 26418, 7083, 26503, 26738, 26427, 26519, 26599, 26634, 26525, 7014, 6950, 6962, 6963, 26574, 71222, 6979, 7061, 6743, 26764, 26635, 26602, 6960, 6999, 6997, 26700, 26661, 6976, 26656, 26669, 26663, 26696, 82801, 82740, 6964, 26683, 6338, 6924, 71226, 82777, 26665, 26524, 26373, 6987, 6233, 26715, 6983, 6969, 26684, 82748, 26677, 26549, 7101, 26477, 6931, 71240, 26728, 7031, 82727, 25997, 26207, 7027, 26679, 26632, 7003, 61380, 7125, 26655, 7122, 7036, 7056, 61371, 7024, 25757, 26423, 26231, 6937, 26678, 
-------------------------------------------------------------
No Yor Image:
No issues
-------------------------------------------------------------
Additional Photos Show 'No Foto':
No issues
-------------------------------------------------------------
No Auction Sheet:
No issues
-------------------------------------------------------------
