#############################################################
CAA ORIX ATSUGI (TENDER) Errors: 

Data Collection lasted for 3 minutes and 32.8 seconds.
Error checking completed within 7 minutes and 57.4 seconds.
Finished checking on Tuesday, 02. April 2019 07:39PM 
#############################################################
No Foto On Main Image:
No issues
-------------------------------------------------------------
Japanese Characters:
No issues
-------------------------------------------------------------
Unknown Year/Make/Model:
110902592, 110902583, 110902560, 110902598, 110902590, 110902602, 110902587, 110902601, 110902600, 110902577, 110902578, 110902582, 

Shuppin: 

2038, 174, 1, 2076, 2022, 2102, 2011, 2100, 2093, 152, 155, 172, 
-------------------------------------------------------------
Unknown Chassis Prefix:
No issues
-------------------------------------------------------------
No Transmission/Color/Fuel Type:
110894254, 110898269, 

Shuppin: 

181, 79, 
-------------------------------------------------------------
No Equipment:
No issues
-------------------------------------------------------------
Missing Yor:
110898168, 110898234, 110894230, 110894243, 110894283, 110894221, 110898165, 110894229, 110894331, 110894367, 110894272, 110894307, 110894305, 110894298, 110902594, 110894259, 110898126, 110898245, 110898257, 110898128, 110898202, 110898136, 110898145, 110894225, 110894302, 110894233, 110894344, 110894362, 110894262, 110902575, 110894204, 110894334, 110898150, 110898258, 110898205, 110898204, 110898212, 110898157, 110898067, 110898066, 110898209, 110898086, 110898114, 110898098, 110898100, 110898220, 110898120, 110898116, 110898182, 110898203, 110898201, 110898096, 110898093, 110898094, 110898159, 110898089, 110898087, 110898158, 110898061, 110898148, 110898170, 110898213, 110898160, 110898267, 110898119, 110898270, 110898122, 110898195, 110898244, 110898243, 110898156, 110898064, 110898208, 110898088, 110898077, 110898075, 110898152, 110898082, 110898095, 110898224, 110898117, 110898074, 110898078, 110898090, 110898125, 110894202, 110894304, 110894184, 110894234, 110894255, 110894366, 110894316, 110894208, 110898206, 110898233, 110902576, 110902563, 110902606, 110898110, 110898242, 110898138, 110898180, 110898080, 110902966, 110902611, 110902597, 110902581, 110902607, 110902561, 110902608, 110898227, 110898231, 110898228, 110902589, 110902605, 110902591, 110902593, 110902588, 110902585, 110902592, 110902583, 110898198, 110902560, 110902598, 110902590, 110902602, 110902587, 110902601, 110902600, 110902577, 110902578, 110902582, 110902609, 110902612, 110902564, 110902562, 110902603, 110898241, 110894320, 110894330, 110894361, 110894321, 110898109, 110898118, 110894347, 110898256, 110898084, 110898121, 110898164, 110898083, 110898144, 110898187, 110898266, 110898276, 110898265, 110898259, 110898154, 110898060, 110894365, 110902599, 110902595, 110902596, 110902579, 110902574, 110902568, 110902565, 110902572, 110902567, 110902569, 110902573, 110902566, 110902570, 110902571, 110902586, 110902584, 110902610, 110894249, 110898275, 110898115, 110898151, 110898176, 110898199, 110898085, 110898104, 110898174, 110894300, 110894231, 110894288, 110894350, 110894245, 110894196, 110894238, 110894322, 110894241, 110894247, 110898137, 110898059, 110898193, 110898058, 110898103, 110898101, 110898102, 110898173, 110898105, 110898194, 110898190, 110898092, 110898143, 110898223, 110898185, 110898172, 110898179, 110898178, 110898177, 110898189, 110898175, 110898171, 110898167, 110898200, 110898210, 110898246, 110898097, 110898099, 110898264, 110898239, 110898240, 110898238, 110898230, 110898237, 110898235, 110898236, 110898065, 110898111, 110894348, 110898155, 110894212, 110898166, 110898207, 110898197, 110898222, 110894313, 110894332, 110894198, 110894180, 110894207, 110894368, 110894193, 110894335, 110894267, 110894287, 110894369, 110894319, 110894188, 110894315, 110894282, 110894181, 110894222, 110894218, 110894281, 110894275, 110894276, 110894356, 110894357, 110894340, 110894296, 110894317, 110894257, 110898215, 110898130, 110898062, 110898146, 110898057, 110898214, 110894324, 110894251, 110894246, 110894258, 110894250, 110894253, 110898147, 110898149, 110898127, 110898249, 110898131, 110898124, 110894312, 110898153, 110894325, 110894239, 110894227, 110894194, 110894284, 110894353, 110894345, 110894182, 110894310, 110894226, 110894299, 110894187, 110894314, 110894183, 110894203, 110898106, 110898107, 110898225, 110898247, 110898071, 110898068, 110898069, 110898070, 110898076, 110898133, 110898073, 110898072, 110898183, 110898184, 110898226, 110898091, 110898273, 110898162, 110898216, 110898219, 110898217, 110898186, 110898229, 110898268, 110898263, 110898211, 110898260, 110898261, 110894270, 110894252, 110894329, 110898274, 110894355, 110894223, 110894235, 110894278, 110894186, 110894269, 110894274, 110894333, 110898163, 110898188, 110894351, 110894195, 110894201, 110894214, 110894200, 110894217, 110898191, 110898181, 110898081, 110898169, 110898139, 110898134, 110898079, 110894254, 110898269, 110894363, 110894352, 110898129, 110898218, 110898277, 110898254, 110898140, 110898250, 110898132, 110898271, 110894244, 110894294, 110894224, 110894264, 110894228, 110894327, 110894360, 110894318, 110894265, 110894205, 110894323, 110898108, 110898192, 110898196, 110898063, 110898262, 110894206, 110894279, 110894191, 110894354, 110894248, 110894311, 110894339, 110894199, 110894213, 110894309, 110894364, 110894303, 110894291, 110894192, 110894280, 110894349, 110894190, 110894240, 110894185, 110894286, 110894216, 110894297, 110894289, 110894290, 110894271, 110894266, 110894308, 110894358, 110894277, 110894219, 110894292, 110894306, 110894293, 110894301, 110894273, 110894189, 110894263, 110894242, 110894346, 110894197, 110898272, 110898142, 110898141, 110894268, 110894326, 110898251, 110898252, 110898248, 110898221, 110898161, 110894209, 110898135, 110898232, 110902580, 110894220, 110894342, 110894179, 110894237, 110894215, 110894295, 110894285, 110894343, 110894338, 110894336, 110894337, 110894341, 110894359, 110894236, 110894328, 110894232, 

Shuppin: 

2035, 268, 137, 159, 2040, 1096, 203, 136, 250, 96, 2019, 2096, 2094, 2079, 2047, 19, 13, 49, 65, 141, 211, 163, 189, 115, 209, 14, 36, 81, 198, 143, 1060, 259, 199, 67, 214, 213, 229, 2009, 1019, 1018, 222, 1048, 1093, 1068, 1070, 241, 119, 11, 2064, 212, 210, 1061, 1058, 1059, 2013, 1050, 1049, 2012, 1009, 192, 204, 23, 2018, 76, 118, 8, 120, 2084, 46, 44, 2008, 1014, 220, 105, 1033, 1030, 20, 104, 106, 249, 112, 103, 1034, 1053, 127, 1055, 2092, 1007, 142, 183, 93, 217, 1065, 219, 266, 149, 102, 253, 1085, 41, 167, 206, 1037, 1066, 87, 2074, 17, 3, 1010, 4, 256, 260, 257, 2017, 251, 2029, 2042, 2015, 193, 2038, 174, 2089, 1, 2076, 2022, 2102, 2011, 2100, 2093, 152, 155, 172, 40, 9, 1076, 1013, 231, 33, 226, 246, 80, 227, 1084, 114, 39, 63, 1042, 12, 2027, 1040, 186, 2069, 75, 95, 74, 68, 2005, 1008, 86, 2087, 2054, 2063, 164, 133, 126, 123, 131, 125, 128, 132, 124, 129, 130, 196, 177, 78, 173, 94, 1094, 2, 2053, 2091, 1046, 1074, 2048, 2081, 138, 2050, 45, 161, 1043, 150, 228, 156, 169, 166, 1004, 2082, 1002, 1073, 1071, 1072, 2046, 1075, 2083, 2073, 1056, 185, 248, 2067, 2044, 2058, 2057, 2056, 2071, 2052, 2043, 2031, 2099, 223, 5, 1067, 107, 73, 31, 32, 30, 26, 29, 27, 28, 1016, 1086, 42, 2007, 1080, 2030, 22, 2086, 247, 2104, 252, 1045, 1001, 1064, 97, 1035, 261, 2006, 205, 98, 225, 1020, 216, 2039, 1003, 110, 1091, 2036, 2025, 2026, 61, 62, 269, 2075, 218, 187, 236, 146, 101, 190, 100, 234, 232, 176, 168, 188, 175, 179, 191, 197, 135, 53, 148, 122, 2103, 2001, 235, 151, 117, 1038, 2041, 51, 37, 1005, 21, 116, 208, 1017, 215, 1006, 1057, 1077, 108, 25, 50, 1025, 1022, 1023, 1024, 1031, 157, 1028, 1027, 2065, 2066, 255, 1054, 91, 2021, 238, 240, 239, 2068, 258, 77, 72, 224, 69, 70, 2014, 178, 245, 92, 6, 111, 144, 2032, 1015, 2010, 2023, 254, 2024, 2070, 47, 1041, 1052, 1083, 1051, 1090, 2077, 2061, 1039, 2037, 170, 160, 1036, 181, 79, 83, 48, 145, 24, 99, 58, 18, 54, 154, 82, 16, 207, 113, 2002, 134, 242, 7, 221, 2003, 1062, 230, 1081, 2080, 2085, 1012, 71, 1063, 2033, 1029, 59, 171, 2101, 267, 1047, 1082, 2098, 85, 2090, 2059, 1032, 2034, 43, 1026, 153, 1011, 2049, 109, 2078, 2051, 2055, 2016, 2004, 2097, 64, 2028, 1092, 2060, 2095, 2062, 2088, 2020, 1021, 200, 158, 38, 1044, 84, 182, 180, 201, 237, 55, 56, 52, 244, 202, 1069, 162, 265, 165, 1095, 34, 10, 15, 1087, 2072, 2045, 35, 264, 262, 263, 270, 66, 147, 243, 139, 
-------------------------------------------------------------
No Yor Image:
No issues
-------------------------------------------------------------
Additional Photos Show 'No Foto':
No issues
-------------------------------------------------------------
No Auction Sheet:
No issues
-------------------------------------------------------------
