#############################################################
ISUZU MAKUHARI Errors: 

Data Collection lasted for 3 minutes and 26.9 seconds.
Error checking completed within 11 minutes and 46.7 seconds.
Finished checking on Tuesday, 02. April 2019 07:27PM 
#############################################################
No Foto On Main Image:
No issues
-------------------------------------------------------------
Japanese Characters:
No issues
-------------------------------------------------------------
Unknown Year/Make/Model:
110905131, 110899109, 110899077, 110915812, 110915809, 110914442, 110899078, 110906828, 110899037, 

Shuppin: 

187, 586, 542, 3522, 3519, 3526, 543, 172, 503, 
-------------------------------------------------------------
Unknown Chassis Prefix:
110899037, 

Shuppin: 

503, 
-------------------------------------------------------------
No Transmission/Color/Fuel Type:
110899109, 110899077, 110915812, 110906844, 110898937, 110899047, 110899084, 110914442, 110899078, 110899156, 110906828, 110899037, 

Shuppin: 

586, 542, 3522, 619, 141, 512, 549, 3526, 543, 92, 172, 503, 
-------------------------------------------------------------
No Equipment:
No issues
-------------------------------------------------------------
Missing Yor:
No issues
-------------------------------------------------------------
No Yor Image:
110898970, 110905130, 110899128, 110914424, 110914431, 110914468, 110899103, 110899087, 110894681, 110899109, 110899091, 110915800, 110915807, 110915812, 110906841, 110915809, 110898984, 110898931, 110899137, 110898985, 110899112, 110906844, 110914439, 110899054, 110899038, 110898908, 110914432, 110914412, 110894684, 110894672, 110908180, 110899123, 110899094, 110899097, 110899099, 110906836, 110906837, 110899036, 110915816, 110915813, 110915808, 110915817, 110915814, 110915803, 110899039, 110906845, 110915815, 110915802, 110915806, 110915810, 110915811, 110915801, 110899126, 110914437, 110915818, 110899115, 110899049, 110915804, 110914463, 110899072, 110914442, 110915805, 110906843, 110899078, 110894682, 110898961, 110914434, 110898936, 110906820, 110915797, 110898914, 110906826, 110899004, 110898998, 110906828, 110898997, 110915798, 110915796, 110915795, 110898959, 110914415, 110898992, 110898994, 110914423, 110906823, 110898921, 110898913, 110915799, 110899037, 110898956, 110898968, 110906830, 

Shuppin: 

194, 169, 63, 231, 242, 660, 579, 551, 589, 586, 555, 3501, 3517, 3522, 599, 3519, 206, 134, 72, 207, 59, 619, 3515, 520, 504, 111, 244, 135, 66, 115, 148, 610, 558, 563, 569, 573, 575, 502, 647, 3523, 3518, 654, 3524, 3511, 505, 624, 640, 3507, 3514, 3520, 3521, 3504, 614, 3508, 655, 595, 515, 3512, 628, 537, 3526, 3513, 618, 543, 591, 184, 3003, 140, 149, 264, 118, 163, 239, 225, 172, 222, 3006, 263, 143, 180, 216, 213, 218, 228, 159, 125, 117, 3008, 503, 178, 191, 3007, 
-------------------------------------------------------------
Additional Photos Show 'No Foto':
No issues
-------------------------------------------------------------
No Auction Sheet:
No issues
-------------------------------------------------------------
