#############################################################
JAA Errors: 

Data Collection lasted for 3 minutes and 4.3 seconds.
Error checking completed within 11 minutes and 6.2 seconds.
Finished checking on Tuesday, 02. April 2019 10:09PM 
#############################################################
No Foto On Main Image:
No issues
-------------------------------------------------------------
Japanese Characters:
No issues
-------------------------------------------------------------
Unknown Year/Make/Model:
No issues
-------------------------------------------------------------
Unknown Chassis Prefix:
No issues
-------------------------------------------------------------
No Transmission/Color/Fuel Type:
No issues
-------------------------------------------------------------
No Equipment:
No issues
-------------------------------------------------------------
Missing Yor:
No issues
-------------------------------------------------------------
No Yor Image:
110917033, 110915506, 110915507, 110912619, 110916972, 110917035, 110915509, 110912653, 110912658, 110915490, 110912709, 110916994, 110916944, 110912657, 110912642, 110915493, 110912695, 110912222, 110907955, 110915405, 110912290, 110912696, 110912601, 110917004, 110912606, 110912615, 110916989, 110912244, 110920010, 110915483, 110912645, 110917021, 110917036, 110912649, 110912585, 110912262, 110912237, 110912253, 110907947, 110915475, 110912347, 110915428, 110912711, 110916969, 110916943, 110912567, 110908121, 110908133, 110916942, 110912240, 110912693, 110916971, 110912646, 110915478, 110912710, 110915498, 110912588, 110912665, 110920003, 110912593, 110915501, 110912689, 110912700, 110912603, 110912569, 110912614, 110916938, 110908138, 110912633, 110912683, 110908125, 110912628, 110915503, 110907990, 110912675, 110915460, 110912611, 110915468, 110916966, 110912580, 110916993, 110912622, 110908139, 110916988, 110912590, 110908140, 110912570, 110912659, 110916956, 110912669, 110908126, 110912660, 110916963, 110915467, 110917002, 110912672, 110912634, 110917028, 110916954, 110912671, 110912682, 110912692, 110912589, 110912652, 110912666, 110908135, 110916977, 110912584, 110925611, 110912574, 110916928, 110915504, 110916964, 110916986, 110912581, 110907989, 110912621, 110908145, 110912686, 110912608, 110916996, 110912624, 110912643, 110912596, 110915491, 110912706, 110912668, 110912651, 110912661, 110916813, 110912618, 110912600, 110912568, 110907970, 110908132, 110912702, 110907948, 110916946, 110912583, 110915474, 110917006, 110908102, 110912362, 110907934, 110912279, 110917001, 110917029, 110920008, 110920006, 110920007, 110912687, 110916980, 110912620, 110915471, 110912616, 110915462, 110912641, 110917007, 110912681, 110908113, 110917017, 110915502, 110916958, 110916997, 110912587, 110912597, 110915482, 110912312, 110915403, 110912631, 110916985, 110912667, 110912637, 110912602, 110912572, 110912676, 110912617, 110919999, 110912654, 110908110, 110915508, 110917008, 110917000, 110916995, 110912677, 110917012, 110912639, 110912662, 110916965, 110916967, 110912640, 110912705, 110916991, 110908146, 110908109, 110916999, 110915505, 110915477, 110908000, 110912294, 110912286, 110912321, 110916931, 110912224, 110912299, 110912250, 110912360, 110915473, 110908117, 110912630, 110908130, 110916970, 110915480, 110916979, 110915499, 110912691, 110912579, 110917034, 110912573, 110912249, 110916952, 110916950, 110912349, 110912699, 110917032, 110912612, 110912650, 110912678, 110912163, 110911692, 110908114, 110916936, 110917015, 110908136, 110920004, 110912543, 110911970, 110911910, 110911875, 110916878, 110911667, 110916807, 110911689, 110912115, 110916912, 110916868, 110912508, 110916772, 110916925, 110912480, 110919977, 110912488, 110916685, 110912046, 110912496, 110912475, 110908026, 110911824, 110916899, 110908034, 110916661, 110915383, 110912116, 110911821, 110908056, 110912551, 110915367, 110912170, 110916781, 110912076, 110912550, 110915396, 110915438, 110912090, 110911987, 110912466, 110912549, 110915409, 110907932, 110912274, 110907941, 110912328, 110912339, 110912230, 110912332, 110912295, 110912190, 110912289, 110912334, 110912303, 110912313, 110911681, 110911656, 110912479, 110915384, 110911924, 110911688, 110915440, 110912486, 110912501, 110912161, 110912546, 110912465, 110911827, 110911945, 110916903, 110919993, 110916704, 110912216, 110915381, 110916837, 110911985, 110911915, 110916790, 110912118, 110916937, 110916939, 110916935, 110908111, 110915476, 110920002, 110908095, 110912082, 110916914, 110911836, 110912088, 110916796, 110912105, 110912104, 110916806, 110915458, 110925610, 110912365, 110916917, 110912254, 110912273, 110907974, 110916811, 110907950, 110912220, 110915377, 110916795, 110912103, 110912184, 110916706, 110912553, 110916784, 110912458, 110916927, 110916922, 110907988, 110912563, 110916660, 110912248, 110916824, 110912350, 110912241, 110916752, 110907998, 110912419, 110908005, 110916858, 110908010, 110912444, 110912438, 110912439, 110908012, 110912395, 110911662, 110911733, 110916992, 110908128, 110912626, 110915489, 110916840, 110912226, 110912359, 110912318, 110912288, 110912292, 110912352, 110912366, 110916984, 110911933, 110911755, 110911718, 110916696, 110911938, 110912561, 110916644, 110916647, 110912024, 110916708, 110911937, 110919974, 110916926, 110911864, 110916750, 110911983, 110911967, 

Shuppin: 

27231, 27297, 27298, 27096, 27126, 27233, 27300, 27193, 27198, 27281, 27263, 27151, 25005, 27197, 27120, 27284, 27246, 18041, 18195, 18044, 18119, 27247, 27076, 27163, 27082, 27092, 27145, 18066, 27150, 27274, 27123, 27180, 27234, 27188, 27026, 18086, 18058, 18076, 18182, 27266, 18220, 19055, 27265, 27081, 25002, 24504, 25001, 27015, 24528, 18062, 27243, 27124, 27125, 27269, 27264, 27289, 27031, 27206, 27036, 27067, 27292, 27239, 27251, 27078, 24509, 27091, 24524, 27021, 27110, 27228, 26009, 27105, 27294, 19008, 27218, 27035, 27087, 27056, 27046, 27011, 27149, 27099, 27022, 27144, 27063, 27024, 24515, 27199, 26004, 27211, 26013, 27200, 27042, 27055, 27161, 27214, 27111, 27203, 25018, 27213, 27227, 27242, 27062, 27192, 27207, 27017, 27131, 27025, 27039, 25006, 24016, 27295, 27043, 27142, 27012, 19006, 27098, 27051, 27236, 27084, 27153, 27101, 27121, 27071, 27282, 27257, 27210, 27191, 27201, 18159, 27095, 27075, 24505, 18226, 27013, 27253, 18183, 25008, 27023, 27245, 27165, 24002, 18260, 18139, 18106, 27160, 27208, 27134, 27054, 27118, 27237, 27135, 27097, 27060, 27093, 27047, 27119, 27166, 27225, 24510, 27176, 27293, 26010, 27156, 27028, 27072, 27273, 18154, 18035, 27108, 27141, 27209, 27114, 27077, 24519, 27219, 27094, 24522, 27194, 24503, 27299, 27167, 27159, 27152, 27221, 27171, 27116, 27202, 27044, 27050, 27117, 27256, 27147, 27065, 24501, 27158, 27296, 27268, 19027, 18124, 18115, 18168, 24019, 18043, 18130, 18073, 18251, 27068, 24516, 27107, 27007, 27090, 27271, 27133, 27290, 27241, 27010, 27232, 25004, 18072, 25016, 25014, 18222, 27250, 27226, 27088, 27189, 27222, 16073, 11055, 24512, 24511, 27174, 27018, 27037, 23206, 14413, 14351, 14314, 23207, 11026, 18017, 11051, 16016, 23281, 23084, 23111, 15077, 23297, 23048, 14571, 23063, 14296, 15004, 23076, 23037, 23043, 14260, 23266, 23060, 14083, 11081, 16017, 14257, 23122, 23223, 11065, 16080, 16034, 15039, 23222, 15010, 23158, 15056, 14431, 23028, 23220, 18082, 18134, 18101, 18158, 18179, 18200, 18051, 18186, 18125, 18006, 18118, 18192, 18137, 18155, 11042, 11014, 23045, 11082, 14366, 11050, 23160, 23059, 23100, 16070, 23213, 23026, 14263, 14388, 23270, 23027, 14509, 18033, 11079, 18279, 14429, 14356, 16097, 16019, 24523, 24525, 24506, 24507, 27267, 27033, 23250, 15047, 23283, 14272, 15054, 16103, 16005, 16004, 16113, 23184, 23233, 19007, 23287, 18077, 18100, 18235, 18140, 18187, 18039, 11075, 16102, 16003, 16094, 14511, 23226, 16056, 23019, 24011, 23293, 19005, 24009, 14082, 18071, 18264, 18225, 18063, 14558, 19024, 21043, 21070, 21093, 21077, 21079, 21064, 21066, 21080, 21019, 11021, 14021, 27148, 27005, 27103, 27280, 19038, 18046, 18249, 18165, 18117, 18122, 18229, 19009, 27140, 14375, 14046, 14004, 14497, 14380, 24006, 14033, 14062, 14474, 14513, 14379, 14559, 24005, 14303, 14556, 14427, 14410, 
-------------------------------------------------------------
Additional Photos Show 'No Foto':
No issues
-------------------------------------------------------------
No Auction Sheet:
No issues
-------------------------------------------------------------
