#############################################################
USS NIIGATA Errors: 

Data Collection lasted for 3 minutes and 9.7 seconds.
Error checking completed within 10 minutes and 45.4 seconds.
Finished checking on Tuesday, 02. April 2019 09:14PM 
#############################################################
No Foto On Main Image:
No issues
-------------------------------------------------------------
Japanese Characters:
No issues
-------------------------------------------------------------
Unknown Year/Make/Model:
110915751, 

Shuppin: 

4019, 
-------------------------------------------------------------
Unknown Chassis Prefix:
No issues
-------------------------------------------------------------
No Transmission/Color/Fuel Type:
No issues
-------------------------------------------------------------
No Equipment:
No issues
-------------------------------------------------------------
Missing Yor:
No issues
-------------------------------------------------------------
No Yor Image:
110919653, 110913070, 110912831, 110918278, 110912814, 110912791, 110918340, 110912891, 110918141, 110912830, 110912850, 110912777, 110912801, 110918336, 110912923, 110919637, 110912720, 110919672, 110912842, 110918343, 110915754, 110918224, 110919658, 110912723, 110912913, 110918228, 110912752, 110918184, 110912856, 110912854, 110912855, 110912876, 110918174, 110918230, 110912899, 110915770, 110918161, 110913040, 110912784, 110919702, 110915760, 110912942, 110919680, 110912804, 110915763, 110918216, 110912765, 110919677, 110912933, 110915772, 110912908, 110912893, 110912799, 110912789, 110912882, 110918256, 110915768, 110919678, 110912925, 110912936, 110918344, 110912892, 110919646, 110919682, 110919613, 110912734, 110912729, 110918149, 110912998, 110913091, 110918368, 110912770, 110912825, 110918255, 110918246, 110912886, 110918222, 110918324, 110912712, 110912987, 110918274, 110918136, 110918277, 110918223, 110912903, 110912861, 110912939, 110918308, 110918307, 110913053, 110918352, 110919696, 110912775, 110919631, 110912714, 110913004, 110918348, 110919707, 110918195, 110912716, 110912963, 110912927, 110918213, 110913076, 110919611, 110918241, 110918146, 110912918, 110918257, 110918332, 110912984, 110912795, 110919657, 110918301, 110918245, 110912995, 110912818, 110912740, 110918151, 110912841, 110912840, 110912828, 110918156, 110912745, 110912820, 110912760, 110913026, 110912819, 110912763, 110918328, 110919604, 110918335, 110918203, 110913018, 110918234, 110918220, 110915771, 110912803, 110918251, 110913081, 110918135, 110912871, 110912798, 110918248, 110912806, 110918196, 110919607, 110913015, 110915775, 110919698, 110919690, 110919688, 110918294, 110919649, 110912964, 110919689, 110912961, 110912978, 110919686, 110912965, 110918310, 110912881, 110918206, 110912920, 110918235, 110918292, 110912843, 110912860, 110919636, 110915753, 110918354, 110918319, 110919700, 110912758, 110912999, 110912753, 110918273, 110918162, 110918243, 110915774, 110918211, 110912858, 110912822, 110918205, 110912946, 110912915, 110918231, 110918244, 110919665, 110915779, 110918249, 110919640, 110918185, 110919625, 110912800, 110919724, 110913014, 110918229, 110912910, 110912935, 110919668, 110918238, 110912928, 110918178, 110912992, 110912896, 110918276, 110912898, 110912761, 110919664, 110919669, 110912955, 110912848, 110915751, 110918287, 110919673, 110912916, 110918253, 110919666, 110918179, 110918144, 110912785, 110912776, 110912945, 110915756, 110918227, 110912941, 110915757, 110918254, 110912859, 110912938, 110918225, 110915769, 110912897, 110915776, 110913100, 110918239, 110912901, 110912914, 110915773, 110915759, 110915762, 110918232, 110912906, 110918333, 110912873, 110915765, 110912890, 110918180, 110912929, 110919675, 110912713, 110913027, 110918334, 110912780, 110919717, 110913083, 110918371, 110913058, 110918330, 110913030, 110919618, 110913094, 110913098, 110912849, 110918163, 110918360, 110913034, 110918369, 110918321, 110918164, 110919722, 110919620, 110913063, 110919709, 110918170, 110919623, 110918154, 110913099, 110919719, 110918374, 110913023, 110912762, 110918204, 110912847, 110919617, 110912870, 110918283, 110913095, 110918314, 110918372, 110918366, 110913067, 110912957, 110912786, 110912889, 110918209, 110912902, 110913025, 110912737, 110918375, 110915747, 110918331, 110913060, 110919701, 110912750, 110918325, 110918264, 110918357, 110918298, 110918293, 110912967, 110918275, 110918198, 110918270, 110912756, 110912884, 110918353, 110913059, 110919712, 110913039, 110912989, 110913054, 110918197, 110912986, 110913037, 110918341, 110919710, 110912748, 110918147, 110918208, 110918168, 110912778, 110919621, 110913043, 110919699, 110912781, 110918289, 110918338, 110912997, 110918210, 110912797, 110918152, 110919645, 110919683, 110912782, 110912774, 110915752, 110918173, 110912959, 110918150, 110918181, 110919723, 110912749, 110918137, 110919697, 110919612, 110912977, 110912832, 110915767, 110913085, 110913013, 110912726, 110912824, 110918172, 110912787, 110918221, 110918262, 110912975, 110912880, 110912922, 110918327, 110918377, 110919718, 110919633, 110918176, 110912809, 110912811, 110912813, 110912851, 110919652, 110918268, 110918367, 110913077, 110912947, 110913064, 110913065, 110913072, 110918356, 110918359, 110918192, 110913010, 110913038, 110913046, 110913082, 110913044, 110918361, 110918318, 110913084, 110918358, 

Shuppin: 

5026, 9561, 3121, 5233, 3093, 3062, 9064, 5115, 1029, 3120, 5023, 3043, 3076, 9059, 5178, 3118, 1017, 5146, 4011, 9069, 5002, 5068, 5059, 1024, 5164, 5080, 3003, 3136, 5035, 5033, 5034, 5081, 3082, 5093, 5137, 5073, 3009, 9519, 3053, 8529, 5018, 5208, 5246, 3080, 5024, 5019, 3027, 5183, 5197, 5084, 5156, 5123, 3074, 3060, 5091, 5179, 5054, 5213, 5184, 5201, 9071, 5116, 4043, 6007, 2004, 2012, 2005, 2003, 9008, 9593, 9582, 3034, 3110, 5172, 5139, 5107, 5057, 8534, 1003, 8513, 5229, 1007, 5232, 5061, 5151, 5047, 5204, 7050, 7047, 9538, 9531, 8505, 3041, 3081, 1006, 9016, 9506, 9005, 4016, 1009, 7006, 5187, 5009, 9571, 1033, 5125, 1038, 5171, 5181, 9052, 8509, 3066, 5049, 7036, 5130, 9004, 3100, 2022, 2011, 4010, 4006, 3115, 2030, 2035, 3102, 3018, 9047, 3101, 3025, 9031, 1002, 9058, 4030, 9038, 5102, 5044, 5082, 3078, 5157, 9576, 1001, 5070, 3073, 5143, 3085, 4022, 1012, 9032, 5100, 8511, 7035, 7023, 7015, 5008, 7008, 7031, 7004, 7032, 7011, 7009, 7052, 5089, 4033, 5175, 5105, 7002, 4012, 5046, 3116, 5001, 9534, 8525, 8520, 3014, 9009, 3007, 5228, 3020, 5128, 5097, 5005, 5042, 3106, 4032, 5216, 5167, 5094, 5129, 5104, 5138, 5144, 3152, 3138, 3019, 3075, 9605, 9030, 5092, 5161, 5200, 5119, 5118, 5188, 3104, 8522, 5133, 5231, 5136, 3021, 5099, 5131, 6004, 4020, 4019, 5244, 5147, 5168, 5165, 5106, 3113, 1036, 3056, 3042, 5215, 5014, 5079, 5206, 5015, 5170, 5045, 5203, 5069, 5067, 5135, 5108, 9603, 5120, 5145, 5166, 5088, 5017, 5022, 5098, 5154, 9055, 5074, 5036, 5113, 3119, 5189, 5173, 1005, 9048, 9057, 3048, 9056, 9579, 9591, 9546, 9041, 9504, 2040, 9596, 9600, 4024, 3023, 9555, 9510, 9583, 8528, 3032, 9518, 2042, 9551, 9014, 3055, 3012, 2023, 9601, 9065, 9604, 9044, 3022, 4031, 4018, 2032, 5066, 5240, 9597, 8504, 9592, 9577, 9558, 6006, 3057, 5112, 4041, 5150, 9046, 2018, 9606, 2021, 9050, 9548, 8527, 2044, 9001, 5207, 9542, 7024, 7007, 7012, 5230, 4025, 5222, 3011, 5096, 9533, 9547, 9034, 9517, 8516, 9539, 4023, 8512, 9513, 9066, 9018, 2039, 2001, 4038, 3047, 3044, 2045, 9524, 8518, 3049, 6003, 9061, 9007, 4044, 3072, 2014, 4042, 6010, 3050, 3040, 4021, 3071, 6009, 2008, 3131, 9521, 2043, 1014, 8507, 1035, 7030, 3122, 5053, 9584, 9029, 1027, 3109, 3070, 3058, 5055, 5196, 7027, 5087, 5177, 9024, 9608, 9062, 3096, 3097, 3088, 3090, 3092, 5027, 5025, 5220, 9580, 9572, 5217, 9553, 9554, 9564, 9541, 9552, 4008, 9026, 9515, 9527, 9578, 9525, 9556, 8524, 9581, 9543, 
-------------------------------------------------------------
Additional Photos Show 'No Foto':
No issues
-------------------------------------------------------------
No Auction Sheet:
No issues
-------------------------------------------------------------
