#############################################################
USS KOBE Errors: 

Data Collection lasted for 3 minutes and 3.7 seconds.
Error checking completed within 10 minutes and 46.4 seconds.
Finished checking on Tuesday, 02. April 2019 09:33PM 
#############################################################
No Foto On Main Image:
No issues
-------------------------------------------------------------
Japanese Characters:
No issues
-------------------------------------------------------------
Unknown Year/Make/Model:
110916460, 110916555, 110918111, 

Shuppin: 

6172, 81107, 87005, 
-------------------------------------------------------------
Unknown Chassis Prefix:
No issues
-------------------------------------------------------------
No Transmission/Color/Fuel Type:
110916460, 110916555, 110911529, 110911520, 110918111, 110918101, 110916568, 

Shuppin: 

6172, 81107, 82025, 82012, 87005, 81089, 82021, 
-------------------------------------------------------------
No Equipment:
No issues
-------------------------------------------------------------
Missing Yor:
No issues
-------------------------------------------------------------
No Yor Image:
110911255, 110916456, 110911293, 110911281, 110911637, 110911260, 110911333, 110911335, 110911340, 110911341, 110918069, 110916292, 110918125, 110911108, 110911277, 110911151, 110911240, 110911189, 110911366, 110911325, 110911209, 110911221, 110918050, 110911235, 110911264, 110916408, 110916444, 110911273, 110911332, 110911258, 110911276, 110911265, 110911229, 110911349, 110911350, 110911302, 110911205, 110916328, 110916218, 110911008, 110911138, 110916356, 110911106, 110911233, 110911256, 110911257, 110911238, 110919754, 110911241, 110911158, 110911252, 110911197, 110911263, 110911236, 110911254, 110911261, 110911234, 110916460, 110911328, 110911198, 110911367, 110911365, 110918061, 110911330, 110919763, 110916445, 110918058, 110911239, 110916396, 110916289, 110916423, 110911301, 110911326, 110916425, 110916384, 110916421, 110916629, 110911253, 110911268, 110911173, 110916434, 110911320, 110911339, 110911317, 110916391, 110916435, 110916428, 110911343, 110911206, 110918119, 110911105, 110916385, 110918045, 110919756, 110916394, 110916270, 110911135, 110911107, 110910940, 110916300, 110916349, 110910976, 110916457, 110916433, 110911199, 110911361, 110911355, 110911247, 110911354, 110911314, 110911092, 110919732, 110919744, 110911359, 110916402, 110916324, 110911136, 110919761, 110916403, 110916393, 110911304, 110911217, 110911308, 110911224, 110916400, 110918070, 110911393, 110916495, 110916560, 110916545, 110916511, 110911612, 110911633, 110911150, 110911468, 110916364, 110910958, 110918026, 110911623, 110911168, 110911166, 110911338, 110911230, 110911625, 110916234, 110911001, 110918024, 110918120, 110916261, 110916555, 110911496, 110916377, 110916293, 110918034, 110911352, 110911269, 110911274, 110911203, 110919760, 110911595, 110911616, 110911280, 110918126, 110916622, 110916268, 110919788, 110916241, 110916260, 110916240, 110911404, 110911411, 110911019, 110911400, 110911243, 110911192, 110911084, 110916296, 110911368, 110916424, 110918123, 110911475, 110916566, 110911503, 110911462, 110911501, 110916219, 110911303, 110911120, 110916387, 110916450, 110916215, 110911132, 110911483, 110911384, 110916505, 110916558, 110911492, 110911096, 110910915, 110911098, 110916634, 110911104, 110911586, 110916610, 110911617, 110910921, 110911100, 110911306, 110918056, 110911524, 110919735, 110911640, 110919769, 110916250, 110911514, 110918129, 110911014, 110916355, 110916286, 110910993, 110916253, 110911305, 110910988, 110916398, 110916416, 110916338, 110916298, 110911526, 110911287, 110916411, 110916578, 110911528, 110911529, 110911519, 110911517, 110916570, 110916575, 110911531, 110916480, 110911533, 110911539, 110911520, 110911212, 110918074, 110916311, 110916227, 110919741, 110911620, 110911076, 110911058, 110916304, 110916243, 110911067, 110911056, 110916312, 110910950, 110910966, 110916316, 110916247, 110916245, 110916249, 110916231, 110910967, 110916205, 110916331, 110910947, 110911191, 110919731, 110916230, 110911219, 110918025, 110916362, 110916233, 110911172, 110911390, 110911143, 110911077, 110911085, 110911068, 110916623, 110911285, 110918111, 110911544, 110911017, 110911246, 110911066, 110918128, 110911153, 110916267, 110911128, 110916368, 110911156, 110911242, 110911322, 110919785, 110911605, 110911608, 110918038, 110911152, 110916281, 110911124, 110916367, 110918039, 110911149, 110916228, 110918077, 110916467, 110911546, 110911541, 110918098, 110911484, 110911414, 110916562, 110916373, 110911272, 110916447, 110916556, 110916539, 110916535, 110916482, 110911490, 110911472, 110911509, 110916479, 110916513, 110916498, 110916533, 110911498, 110911479, 110910965, 110911398, 110911415, 110916582, 110916523, 110916487, 110916494, 110916519, 110916395, 110918102, 110911395, 110918084, 110916534, 110918093, 110911437, 110911441, 110916499, 110911439, 110911438, 110918085, 110916476, 110918092, 110911465, 110916532, 110911482, 110911510, 110911470, 110911474, 110916536, 110916531, 110911502, 110916543, 110919777, 110918100, 110918064, 110911497, 110911469, 110911511, 110918104, 110911480, 110919768, 110918097, 110916471, 110911481, 110911460, 110911473, 110911508, 110916530, 110916525, 110911532, 110911522, 110911525, 110911534, 110918101, 110916557, 110918106, 110911455, 110916478, 110911487, 110911397, 110911527, 110918081, 110911516, 110911515, 110916563, 110916565, 110911538, 110911530, 110916568, 110911412, 110916574, 

Shuppin: 

5028, 6166, 6015, 6003, 9081, 5033, 6060, 6062, 6067, 6071, 6153, 19071, 9091, 3033, 5051, 3100, 5013, 4015, 6108, 6051, 4039, 4051, 3146, 5008, 5037, 5004, 6144, 5046, 6059, 5031, 5050, 5038, 5001, 6084, 6085, 6025, 4034, 3029, 10077, 10155, 3080, 3106, 3028, 5006, 5029, 5030, 5011, 4086, 5014, 3112, 5025, 4025, 5036, 5009, 5027, 5034, 5007, 6172, 6054, 4026, 6109, 6107, 6101, 6057, 7009, 6146, 6080, 5012, 4063, 19068, 6043, 6024, 6052, 6069, 3164, 6022, 9099, 5026, 5041, 3128, 6110, 6045, 6066, 6041, 4032, 6112, 6079, 6073, 4036, 9060, 3027, 3165, 3010, 6122, 4061, 10201, 3077, 3031, 10045, 19156, 3093, 10103, 6167, 6102, 4027, 6100, 6094, 5020, 6090, 6037, 3009, 10184, 3169, 6098, 4075, 3002, 3078, 6175, 4076, 4060, 6027, 4047, 6031, 4054, 4073, 6158, 7011, 80011, 81124, 81094, 80052, 9041, 9075, 3099, 81017, 3137, 10071, 10065, 9059, 3123, 3121, 6065, 5002, 9062, 10143, 10144, 10054, 9066, 10191, 81107, 81058, 3152, 19074, 10164, 6087, 5042, 5047, 4031, 6173, 9019, 9051, 6002, 9092, 9057, 10198, 9110, 10163, 10189, 10162, 7028, 7037, 2008, 7024, 5016, 4018, 2087, 19077, 6111, 6050, 9086, 81026, 82011, 81066, 81011, 81063, 10087, 6026, 3053, 3170, 6157, 10061, 3074, 81038, 6137, 80039, 81122, 81050, 3014, 10001, 3016, 9108, 3026, 9002, 9017, 9052, 10011, 3018, 6029, 4067, 82017, 19078, 9084, 7052, 10178, 82001, 9098, 19007, 3105, 19065, 10133, 10181, 6028, 10123, 4068, 5059, 3060, 19154, 82019, 6009, 5054, 83001, 82022, 82025, 82010, 82008, 82024, 82037, 82027, 7055, 82029, 82043, 82012, 4042, 7013, 2051, 10109, 3159, 9055, 2077, 2056, 2005, 10168, 2067, 2054, 2061, 10059, 10082, 2086, 10174, 10171, 10177, 10124, 10083, 10018, 3035, 10055, 4017, 10172, 10120, 4049, 10064, 3135, 10138, 3127, 7006, 3087, 2078, 2089, 2068, 9065, 6007, 87005, 83007, 2006, 5019, 2065, 9096, 3107, 10197, 3066, 3141, 3110, 5015, 6047, 9095, 9031, 9035, 19064, 3101, 10212, 3058, 3140, 19072, 3098, 10116, 7029, 7003, 83010, 83004, 81080, 81039, 80005, 81126, 3147, 5045, 6154, 81109, 81085, 81077, 7060, 81048, 81023, 81073, 7054, 80062, 80015, 81044, 81060, 81033, 10081, 7022, 80006, 83013, 80086, 7071, 80008, 80080, 4062, 81091, 7019, 7072, 81056, 81054, 80044, 80049, 80022, 80046, 80045, 80075, 7046, 81052, 81014, 81043, 81037, 81074, 81019, 81025, 81081, 81034, 81064, 81092, 80085, 81088, 6134, 81059, 81018, 81075, 81102, 81035, 7050, 81079, 7018, 81036, 81006, 81024, 81072, 81031, 81009, 82028, 82015, 82018, 82030, 81089, 81110, 81108, 81001, 7051, 81045, 7021, 82020, 7059, 82007, 82005, 82002, 82004, 82042, 82026, 82021, 7057, 82036, 
-------------------------------------------------------------
Additional Photos Show 'No Foto':
No issues
-------------------------------------------------------------
No Auction Sheet:
No issues
-------------------------------------------------------------
