#############################################################
USS FUKUOKA Errors: 

Data Collection lasted for 3 minutes and 6.4 seconds.
Error checking completed within 10 minutes and 39.6 seconds.
Finished checking on Tuesday, 02. April 2019 09:52PM 
#############################################################
No Foto On Main Image:
No issues
-------------------------------------------------------------
Japanese Characters:
No issues
-------------------------------------------------------------
Unknown Year/Make/Model:
No issues
-------------------------------------------------------------
Unknown Chassis Prefix:
No issues
-------------------------------------------------------------
No Transmission/Color/Fuel Type:
No issues
-------------------------------------------------------------
No Equipment:
No issues
-------------------------------------------------------------
Missing Yor:
No issues
-------------------------------------------------------------
No Yor Image:
110918412, 110918015, 110910740, 110918437, 110910683, 110917942, 110917925, 110917990, 110917977, 110918478, 110917978, 110917922, 110910903, 110910745, 110910791, 110918452, 110917998, 110910757, 110917945, 110918462, 110917975, 110910900, 110910797, 110910901, 110920064, 110910754, 110910860, 110918441, 110910771, 110910728, 110910767, 110918433, 110917921, 110910787, 110918429, 110918463, 110918443, 110918460, 110918446, 110910828, 110917976, 110918432, 110910763, 110918010, 110918016, 110910761, 110917933, 110910784, 110910892, 110917956, 110910749, 110917982, 110917883, 110910586, 110917931, 110918481, 110918438, 110918458, 110917993, 110910902, 110918013, 110917941, 110910676, 110910706, 110910905, 110918466, 110917934, 110910648, 110910610, 110910796, 110910837, 110917989, 110910896, 110910620, 110918447, 110910799, 110910663, 110917905, 110910812, 110910707, 110910628, 110918420, 110918421, 110910714, 110910722, 110910733, 110918418, 110917958, 110910726, 110910712, 110910717, 110917936, 110917959, 110910727, 110910719, 110910780, 110910739, 110910720, 110910708, 110910723, 110910782, 110918434, 110918423, 110910724, 110910735, 110910736, 110917924, 110918442, 110918449, 110910764, 110917983, 110917870, 110910615, 110910852, 110917864, 110918381, 110917854, 110918408, 110918471, 110918387, 110910806, 110918474, 110917857, 110910619, 110917852, 110910598, 110910801, 110910649, 110910634, 110910813, 110917876, 110910857, 110910729, 110910606, 110910626, 110910631, 110918383, 110910686, 110910737, 110910701, 110910655, 110918007, 110910618, 110918394, 110917889, 110917965, 110910627, 110910904, 110910623, 110917981, 110918404, 110917937, 110917962, 110920068, 110918475, 110917954, 110918422, 110910742, 110918004, 110910878, 110910881, 110910871, 110910716, 110910680, 110910863, 110917910, 110918401, 110917997, 110920075, 110910622, 110910912, 110917985, 110910662, 110917884, 110917878, 110918393, 110917923, 110917967, 110917914, 110910636, 110910826, 110910807, 110910667, 110920073, 110917867, 110917908, 110917972, 110910752, 110918018, 110910825, 110910753, 110917944, 110917960, 110910847, 110917900, 110918440, 110910633, 110910833, 110910693, 110918479, 110917865, 110920082, 110910666, 110910665, 110918397, 110910810, 110910659, 110910600, 110917968, 110910635, 110917955, 110918448, 110917957, 110918450, 110918451, 110917953, 110917971, 110910865, 110917943, 110917886, 110910688, 110918426, 110917882, 110917970, 110910792, 110910876, 110910643, 110910803, 110910721, 110910654, 110917913, 110910672, 110918396, 110917903, 110918009, 110917868, 110917893, 110910760, 110910687, 110917952, 110918378, 110918019, 110910769, 110920066, 110918017, 110917891, 110918382, 110917866, 110910831, 110918473, 110917875, 110910710, 110910718, 110910770, 110910789, 110910830, 110917898, 110910820, 110910909, 110910602, 110910599, 110910872, 110910816, 110910842, 110910844, 110920065, 110910746, 110910588, 110917894, 110910891, 110910594, 110918431, 110918390, 110910593, 110910800, 110910670, 110917906, 110910632, 110917890, 110918436, 110910658, 110917895, 110917940, 110910694, 110910846, 110920079, 110910609, 110910589, 110910804, 110910887, 110910604, 110910614, 110910639, 110910808, 110918005, 110917916, 110910608, 110910601, 110917874, 110910637, 110918407, 110910603, 110910612, 110910817, 110910611, 110910605, 110917930, 110910750, 110918424, 110918477, 110910840, 110910897, 110918014, 110918425, 110910913, 110917996, 110918457, 110910734, 110910652, 110917948, 110917920, 110910650, 110910884, 110910815, 110910836, 110917947, 110910795, 110917899, 110910751, 110917986, 110910738, 110918416, 110918411, 110910855, 110917919, 110910858, 110917909, 110910914, 110917912, 110910587, 110910647, 110910592, 110910835, 110910616, 110917855, 110920078, 110910697, 110920067, 110910656, 110910874, 110918379, 110910607, 110910677, 110918398, 110910641, 110918388, 110910814, 110910851, 110910682, 110917969, 110910696, 110910848, 110910590, 110910703, 110910794, 110910705, 110910638, 110910646, 110918410, 110917927, 110910681, 110910870, 110910715, 110910864, 110910867, 110910805, 110910868, 110910772, 110910843, 110910755, 110917991, 110917871, 110910625, 110910758, 110918011, 110918415, 110910777, 110917872, 110910597, 110917877, 110910596, 110910856, 110910809, 110918406, 110910644, 110918389, 110917858, 110910888, 110910640, 110910819, 

Shuppin: 

2513, 9038, 4064, 4135, 2003, 4113, 4035, 8010, 7022, 9020, 7023, 4023, 9027, 4070, 4144, 4177, 8058, 4093, 4124, 7031, 7020, 9024, 4158, 9025, 1007, 4087, 8035, 4150, 4114, 4044, 4106, 4109, 4014, 4140, 4084, 7032, 4155, 7015, 4162, 7013, 7021, 4101, 41, 9014, 9039, 4097, 4071, 4132, 9007, 4166, 4077, 7028, 150, 101, 4060, 9032, 4138, 7012, 8032, 9026, 9022, 4112, 15, 4007, 9031, 8011, 4073, 1114, 1045, 4153, 8001, 8009, 9012, 1058, 4167, 43, 124, 2502, 63, 4009, 1071, 4021, 4025, 4022, 4037, 4053, 4013, 4169, 4042, 4019, 4028, 4083, 4170, 4043, 4030, 4127, 4063, 4031, 4011, 4038, 4129, 4111, 4050, 4039, 4055, 4056, 4034, 4154, 4172, 4103, 7029, 109, 1050, 8023, 1057, 1032, 1002, 24, 8050, 1081, 53, 90, 1010, 1054, 1, 1029, 48, 112, 108, 64, 129, 8028, 4045, 104, 1068, 1077, 1044, 2010, 4057, 39, 113, 9005, 1053, 119, 160, 57, 1070, 9028, 1062, 7027, 2018, 4086, 4178, 1055, 9017, 4164, 4032, 4066, 8510, 82, 8504, 8049, 4027, 20, 8038, 2512, 166, 8056, 155, 1061, 94, 72, 123, 151, 136, 114, 4024, 62, 34, 1090, 7010, 54, 13, 147, 1066, 2510, 7016, 4081, 96, 7009, 4085, 4121, 4174, 8015, 2006, 4148, 1079, 78, 2505, 9029, 1059, 88, 127, 126, 144, 6, 12, 1031, 7001, 1087, 4165, 4171, 4168, 4173, 4175, 4163, 7005, 8040, 4120, 153, 2012, 4062, 149, 7004, 4145, 8055, 1109, 50, 4033, 1127, 33, 138, 14, 2019, 9008, 1067, 168, 4096, 2011, 4160, 1016, 97, 4108, 1027, 95, 163, 1033, 106, 75, 81, 128, 4017, 4029, 4110, 4142, 71, 174, 70, 91, 1036, 103, 8051, 67, 8006, 8012, 1011, 4074, 1014, 170, 9004, 1024, 4100, 1101, 1022, 47, 135, 2507, 1078, 162, 4133, 117, 171, 4102, 26, 8014, 2004, 1042, 1015, 51, 89, 1038, 1049, 1098, 55, 86, 4, 1041, 1034, 121, 1091, 23, 1037, 1047, 68, 1046, 1039, 4058, 4078, 4051, 9019, 8004, 9013, 9033, 4061, 98, 8048, 58, 4054, 1123, 4146, 4010, 1120, 8507, 66, 80, 4137, 4152, 2005, 4079, 73, 4059, 4008, 2509, 8026, 4003, 8029, 2511, 99, 30, 1012, 1113, 1021, 8, 1051, 1003, 169, 31, 1043, 115, 8053, 1018, 1040, 17, 156, 110, 1088, 65, 8022, 2002, 7003, 3, 8016, 1019, 4004, 4151, 4006, 1092, 1112, 2506, 4041, 2001, 8046, 4026, 8039, 8042, 52, 8043, 4115, 8008, 4088, 8020, 1102, 1065, 4094, 9016, 35, 4122, 1103, 1028, 130, 1026, 8027, 59, 2022, 111, 11, 1013, 9, 1099, 7, 
-------------------------------------------------------------
Additional Photos Show 'No Foto':
No issues
-------------------------------------------------------------
No Auction Sheet:
No issues
-------------------------------------------------------------
