#############################################################
USS Nagoya Errors: 

Data Collection lasted for 32 minutes and 19.6 seconds.
Error checking completed within 0.1 seconds.
Finished checking on Friday, 22. November 2019 08:17AM 
#############################################################

No Main Image:
No issues
-------------------------------------------------------------
Japanese Characters:
No issues
-------------------------------------------------------------
Unknown Year/Make/Model:
115421136, 115421577, 115408253, 115408018, 115408199, 115410104, 115408197, 115407571, 115433209, 

Shuppin: 

11295, 20691, 20537, 20209, 20443, 58036, 20440, 11221, 11368, 
-------------------------------------------------------------
Unknown Chassis Prefix:
115429720, 115407922, 115407472, 115408140, 115408018, 115421619, 115414026, 115408232, 115433460, 115426946, 115410274, 115430614, 115408037, 115421596, 115408021, 115414034, 115421570, 115407923, 115421593, 115426982, 115408199, 115408155, 115410343, 115421574, 115408266, 115408186, 115421591, 115408175, 115430640, 115432902, 115430661, 115408231, 115424928, 115408287, 115421578, 115410104, 115427778, 115410084, 115407570, 115408217, 115408256, 115421571, 115421555, 115410247, 115410255, 115408028, 115421547, 115409253, 115421575, 115408054, 115408166, 115430624, 115410372, 115407904, 115424946, 115410252, 115410301, 115426926, 115427078, 115424894, 115408211, 115408197, 115408050, 115410095, 115410239, 115432891, 115407924, 115414020, 115408238, 115410167, 115408216, 115433290, 115426952, 115426974, 115427806, 115408213, 115424954, 115422577, 115408215, 115433300, 115408263, 115408169, 115429715, 115408210, 115408264, 115433475, 115410251, 115425282, 115410212, 115433291, 115408214, 115414029, 115430652, 115414022, 115408212, 115408111, 115407921, 115410215, 115432896, 115433284, 

Shuppin: 

43005, 20087, 11103, 20372, 20209, 25018, 20694, 20509, 58524, 20743, 58224, 20218, 20234, 20737, 20215, 20736, 20606, 20089, 20731, 20799, 20443, 20389, 58301, 20684, 20552, 20426, 20719, 20411, 20700, 20780, 20790, 20508, 20459, 20577, 20693, 58036, 20631, 58013, 11220, 20463, 20541, 20607, 20324, 58196, 58205, 20223, 20229, 40080, 20685, 20255, 20401, 20630, 58337, 20065, 20511, 58201, 58253, 20085, 43004, 20088, 20456, 20440, 20250, 58025, 58187, 20650, 20090, 20580, 20516, 58112, 20462, 20817, 20754, 20791, 20751, 20458, 20581, 58339, 20461, 20834, 20549, 20405, 25102, 20455, 20550, 58541, 58200, 58483, 58159, 20818, 20460, 20703, 20757, 20605, 20457, 20325, 20086, 58162, 20709, 20809, 
-------------------------------------------------------------
No Transmission/Color/Fuel Type:
115410194, 115429714, 115407489, 115408220, 115407851, 115424956, 115430641, 115428220, 115428221, 115428218, 115428219, 115429828, 115430690, 115433952, 115421675, 115433863, 115427072, 115422598, 115409935, 115429720, 115407922, 115407472, 115408140, 115408018, 115421619, 115414026, 115408232, 115433460, 115426946, 115410274, 115430614, 115408037, 115421596, 115408021, 115414034, 115421570, 115407923, 115421593, 115426982, 115408199, 115408155, 115410343, 115421574, 115408266, 115408186, 115421591, 115408175, 115430640, 115432902, 115430661, 115408231, 115424928, 115408287, 115421578, 115410104, 115427778, 115410084, 115407570, 115408217, 115408256, 115421571, 115421555, 115410247, 115410255, 115408028, 115421547, 115409253, 115421575, 115408054, 115408166, 115430624, 115410372, 115407904, 115424946, 115410252, 115410301, 115426926, 115427078, 115424894, 115408211, 115408197, 115408050, 115410095, 115410239, 115432891, 115407924, 115414020, 115408238, 115410167, 115408216, 115433290, 115426952, 115426974, 115427806, 115408213, 115424954, 115422577, 115408215, 115433300, 115408263, 115408169, 115429715, 115408210, 115408264, 115433475, 115410251, 115425282, 115410212, 115433291, 115408214, 115414029, 115430652, 115414022, 115408212, 115408111, 115407921, 115410215, 115432896, 115433284, 115410103, 115430648, 115433932, 

Shuppin: 

58139, 25101, 11122, 20467, 20007, 20599, 20721, 55398, 55399, 55394, 55395, 55396, 40896, 40979, 40040, 85431, 40931, 58431, 40811, 43005, 20087, 11103, 20372, 20209, 25018, 20694, 20509, 58524, 20743, 58224, 20218, 20234, 20737, 20215, 20736, 20606, 20089, 20731, 20799, 20443, 20389, 58301, 20684, 20552, 20426, 20719, 20411, 20700, 20780, 20790, 20508, 20459, 20577, 20693, 58036, 20631, 58013, 11220, 20463, 20541, 20607, 20324, 58196, 58205, 20223, 20229, 40080, 20685, 20255, 20401, 20630, 58337, 20065, 20511, 58201, 58253, 20085, 43004, 20088, 20456, 20440, 20250, 58025, 58187, 20650, 20090, 20580, 20516, 58112, 20462, 20817, 20754, 20791, 20751, 20458, 20581, 58339, 20461, 20834, 20549, 20405, 25102, 20455, 20550, 58541, 58200, 58483, 58159, 20818, 20460, 20703, 20757, 20605, 20457, 20325, 20086, 58162, 20709, 20809, 58034, 20732, 20843, 
-------------------------------------------------------------
No Equipment:
No issues
-------------------------------------------------------------
Additional Photos Show 'No Foto':
No issues
-------------------------------------------------------------
No Auction Sheet:
No issues
-------------------------------------------------------------
