#############################################################
CAA NAA FUKUOKA (TENDER) Errors: 

Data Collection lasted for 2 minutes and 9.7 seconds.
Error checking completed within 0.1 seconds.
Finished checking on Tuesday, 12. March 2019 09:04AM 
#############################################################
Japanese Characters:
No issues
-------------------------------------------------------------
Unknown Year/Make/Model:
110354480,
-------------------------------------------------------------
Unknown Chassis Prefix:
No issues
-------------------------------------------------------------
No Transmission/Color/Fuel Type:
No issues
-------------------------------------------------------------
No Equipment:
No issues
-------------------------------------------------------------
Missing Yor:
110354488,
110354490,
110353811,
110353826,
110353817,
110375386,
110353807,
110384827,
110354319,
110375365,
110387113,
110387132,
110354312,
110354222,
110354285,
110354310,
110354276,
110387128,
110354278,
110353827,
110353822,
110384821,
110353825,
110387085,
110354190,
110354220,
110354213,
110354335,
110387146,
110354206,
110354321,
110354325,
110354302,
110354289,
110384824,
110354239,
110354242,
110385957,
110385936,
110385950,
110385942,
110385929,
110354244,
110354241,
110354240,
110354381,
110385927,
110385951,
110354234,
110354230,
110354385,
110354236,
110354226,
110375353,
110385940,
110385932,
110385925,
110385937,
110385924,
110385928,
110354449,
110354440,
110354426,
110385947,
110385956,
110385938,
110385935,
110385943,
110385948,
110385949,
110385953,
110375358,
110354446,
110375356,
110385945,
110385934,
110354469,
110354447,
110385946,
110354420,
110354448,
110354442,
110354422,
110385922,
110385921,
110354433,
110385931,
110375357,
110385952,
110385944,
110354443,
110354441,
110354445,
110385933,
110385954,
110385939,
110354235,
110385926,
110354295,
110387150,
110354309,
110354329,
110387117,
110387127,
110354307,
110354322,
110354267,
110379696,
110385962,
110354265,
110354367,
110375388,
110387120,
110354280,
110354316,
110354268,
110354262,
110354373,
110354398,
110354176,
110375367,
110387135,
110354272,
110354288,
110354311,
110354293,
110375393,
110354296,
110354290,
110385964,
110354304,
110354221,
110385970,
110385973,
110354261,
110354202,
110354197,
110385968,
110385971,
110374208,
110354224,
110354199,
110354245,
110387143,
110354492,
110387125,
110387122,
110354477,
110375378,
110354417,
110354338,
110354388,
110387086,
110387110,
110354430,
110387107,
110354473,
110375359,
110354223,
110385965,
110385941,
110385955,
110354243,
110354472,
110354308,
110354282,
110387129,
110375363,
110354294,
110387126,
110387142,
110354327,
110354264,
110354376,
110387114,
110375361,
110387136,
110387121,
110387118,
110354238,
110354273,
110387115,
110354292,
110387140,
110354323,
110375384,
110387123,
110354205,
110354348,
110354358,
110354392,
110375383,
110354341,
110387148,
110387152,
110375350,
110354365,
110387147,
110354346,
110354389,
110375343,
110354363,
110387082,
110375348,
110354360,
110375345,
110354336,
110354333,
110387087,
110354181,
110387067,
110375344,
110354189,
110354192,
110387076,
110354356,
110375385,
110354217,
110387073,
110374210,
110354324,
110353809,
110375369,
110375364,
110354347,
110375382,
110375391,
110354340,
110354331,
110375389,
110374219,
110354344,
110354269,
110354362,
110354474,
110354201,
110354212,
110387131,
110387133,
110354271,
110375374,
110354372,
110385914,
110354178,
110354191,
110354183,
110354187,
110354180,
110375362,
110354382,
110354480,
110387070,
110353823,
110353810,
110354438,
110385958,
110354257,
110354254,
110354386,
110354251,
110354371,
110385959,
110354246,
110387104,
110354444,
110354248,
110354247,
110374216,
110375394,
110375346,
110354491,
110354364,
110374214,
110385981,
110374220,
110354214,
110385976,
110354349,
110385978,
110374212,
110385974,
110354352,
110354208,
110354215,
110354182,
110354179,
110387079,
110354270,
110375376,
110354484,
110387083,
110354432,
110387106,
110354470,
110354451,
110354482,
110354453,
110354462,
110387111,
110354468,
-------------------------------------------------------------
No Yor Image:
No issues
-------------------------------------------------------------
