#############################################################
AUCNET AUCMON Errors: 

Data Collection lasted for 4 minutes and 41.6 seconds.
Error checking completed within 0.1 seconds.
Finished checking on Monday, 01. April 2019 04:26PM 
#############################################################
No Foto On Main Image:
No issues
-------------------------------------------------------------
Japanese Characters:
No issues
-------------------------------------------------------------
Unknown Year/Make/Model:
No issues
-------------------------------------------------------------
Unknown Chassis Prefix:
No issues
-------------------------------------------------------------
No Transmission/Color/Fuel Type:
No issues
-------------------------------------------------------------
No Equipment:
No issues
-------------------------------------------------------------
Missing Yor:
110855833, 110856106, 110856129, 110855964, 110855938, 110855972, 110855936, 110855942, 110855939, 110856001, 110855910, 110855894, 110855940, 110855890, 110855878, 110855945, 110855943, 110855885, 110879929, 110855941, 110855898, 110856066, 110855849, 110855823, 110855966, 110855998, 110855861, 110855873, 110856025, 110856063, 110856046, 110855112, 110855877, 110856098, 110856050, 110856027, 110856028, 110856057, 110855116, 110855933, 110856083, 110855881, 110855115, 110855957, 110856109, 110856110, 110855857, 110879928, 110856000, 110856003, 110855908, 110855834, 110855917, 110855959, 110855921, 110856002, 110856112, 110855832, 110855874, 110855919, 110855920, 110855971, 110855935, 110864987, 110855841, 110855824, 110855918, 110855987, 110855962, 110855847, 110855967, 110855937, 110855994, 110856090, 110856055, 110856061, 110856082, 110856017, 110856068, 110856059, 110856092, 110856091, 110856060, 110855853, 110856005, 110855871, 110855825, 110856069, 110856022, 110856064, 110856045, 110856010, 110855963, 110856051, 110856052, 110856081, 110855944, 110856074, 110855851, 110856029, 110856008, 110856037, 110856044, 110856056, 110856072, 110855909, 110856084, 110856130, 110856124, 110856118, 110856101, 110856111, 110856122, 110856125, 110856127, 110855829, 110856077, 110855900, 110856093, 110855852, 110856009, 110855830, 110856043, 110855899, 110855215, 110856023, 110856053, 110856014, 110856062, 110856034, 110856042, 110856065, 110856026, 110856089, 110855895, 110855996, 110856105, 110856104, 110855142, 110856115, 110855893, 110856108, 110856126, 110856119, 110855901, 110856107, 110855875, 110855870, 110855831, 110855842, 110855864, 110855199, 110855846, 110855837, 110855970, 110855969, 110855836, 110855839, 110855840, 110855838, 110855891, 110855889, 110855216, 110855114, 110855872, 110855865, 110855867, 110855866, 110855415, 110856120, 110855072, 110855122, 110855535, 110855402, 110855070, 110855092, 110855441, 110855428, 110855489, 110855379, 110855459, 110855217, 110865539, 110855384, 110855391, 110855388, 110855382, 110855447, 110855393, 110855399, 110855995, 110855214, 110855061, 110855404, 110879337, 110855125, 110855529, 110855493, 110855508, 110855523, 

Shuppin: 

30014, 37008, 37031, 33008, 32006, 34009, 32004, 32010, 32007, 35035, 30503, 30078, 32008, 30074, 30062, 32013, 32011, 30069, 30026, 32009, 30081, 36501, 30032, 30004, 34002, 35032, 30045, 30057, 36018, 36056, 36039, 10505, 30061, 36533, 36043, 36020, 36021, 36050, 10509, 32001, 36518, 30065, 10508, 33001, 37011, 37012, 30041, 30025, 35034, 35037, 30501, 30015, 31001, 33003, 31005, 35036, 37014, 30013, 30058, 31003, 31004, 34008, 32003, 39001, 30022, 30005, 31002, 35021, 33006, 30030, 34003, 32005, 35028, 36525, 36048, 36054, 36517, 36010, 36503, 36052, 36527, 36526, 36053, 30037, 35040, 30055, 30006, 36504, 36015, 36057, 36038, 36003, 33007, 36044, 36045, 36516, 32012, 36509, 30034, 36022, 36001, 36030, 36037, 36049, 36507, 30502, 36519, 37032, 37026, 37020, 37003, 37013, 37024, 37027, 37029, 30010, 36512, 30083, 36528, 30035, 36002, 30011, 36036, 30082, 12005, 36016, 36046, 36007, 36055, 36027, 36035, 36058, 36019, 36524, 30079, 35030, 37007, 37006, 10535, 37017, 30077, 37010, 37028, 37021, 30084, 37009, 30059, 30054, 30012, 30023, 30048, 11044, 30029, 30018, 34007, 34006, 30017, 30020, 30021, 30019, 30075, 30073, 12006, 10507, 30056, 30049, 30051, 30050, 18042, 37022, 10016, 10515, 18162, 18029, 10014, 10036, 18068, 18055, 18116, 18006, 18086, 12007, 35004, 18011, 18018, 18015, 18009, 18074, 18020, 18026, 35029, 12004, 10005, 18031, 16008, 10518, 18156, 18120, 18135, 18150, 
-------------------------------------------------------------
No Yor Image:
No issues
-------------------------------------------------------------
Additional Photos Show 'No Foto':
No issues
-------------------------------------------------------------
No Auction Sheet:
No issues
-------------------------------------------------------------
