#############################################################
CAA NAA FUKUOKA (TENDER) Errors: 

Data Collection lasted for 11 minutes and 28.0 seconds.
Error checking completed within 0.1 seconds.
Finished checking on Monday, 01. April 2019 08:34PM 
#############################################################
No Foto On Main Image:
No issues
-------------------------------------------------------------
Japanese Characters:
No issues
-------------------------------------------------------------
Unknown Year/Make/Model:
No issues
-------------------------------------------------------------
Unknown Chassis Prefix:
No issues
-------------------------------------------------------------
No Transmission/Color/Fuel Type:
No issues
-------------------------------------------------------------
No Equipment:
No issues
-------------------------------------------------------------
Missing Yor:
110872338, 110895171, 110872525, 110872523, 110895141, 110872467, 110895140, 110895110, 110895107, 110895112, 110895165, 110872461, 110872519, 110872509, 110872571, 110895017, 110872357, 110895015, 110872345, 110872359, 110895027, 110872336, 110872544, 110872477, 110872458, 110895041, 110895035, 110895048, 110895052, 110872419, 110872408, 110872403, 110895050, 110895044, 110872375, 110872415, 110872394, 110895055, 110895059, 110895034, 110872392, 110872390, 110872410, 110895032, 110872425, 110872417, 110872405, 110872399, 110895062, 110895064, 110872424, 110895042, 110895067, 110872395, 110872381, 110872416, 110872420, 110872385, 110872404, 110895056, 110872422, 110872426, 110872387, 110872421, 110872393, 110872389, 110895031, 110872376, 110872378, 110895061, 110895068, 110872428, 110872418, 110872427, 110872409, 110872518, 110872516, 110895122, 110872542, 110872369, 110895119, 110872462, 110872498, 110872624, 110872491, 110872484, 110895178, 110872538, 110895125, 110895101, 110872325, 110872321, 110872471, 110872513, 110895116, 110895109, 110872532, 110895113, 110895164, 110895103, 110872495, 110872323, 110872411, 110872455, 110872368, 110872485, 110872603, 110872464, 110895094, 110895127, 110895088, 110872543, 110872579, 110895137, 110895046, 110895054, 110872497, 110895111, 110872347, 110872547, 110895063, 110895045, 110895123, 110895132, 110872526, 110895117, 110895115, 110895095, 110872358, 110895120, 110872371, 110872457, 110872329, 110872528, 110872494, 110872322, 110872537, 110872479, 110872554, 110872539, 110895124, 110895145, 110895175, 110895158, 110872351, 110872335, 110872620, 110895153, 110872587, 110872549, 110895014, 110895180, 110872354, 110872580, 110872592, 110872563, 110872578, 110872545, 110895169, 110872312, 110872307, 110872618, 110872356, 110895172, 110872487, 110872475, 110872473, 110895121, 110895146, 110895029, 110872575, 110872548, 110872562, 110872590, 110872367, 110872573, 110872502, 110872524, 110872511, 110872472, 110872353, 110895155, 110872316, 110872474, 110872535, 110895102, 110872601, 110872480, 110872313, 110895011, 110895012, 110872311, 110872310, 110872314, 110872308, 110895010, 110872318, 110895118, 110895156, 110895022, 110872616, 110872621, 110872557, 110872583, 110872605, 110872566, 110872517, 110872442, 110872448, 110895075, 110872454, 110872595, 110872444, 110895187, 110895078, 110872384, 110872447, 110872382, 110872597, 110895084, 110872423, 110872406, 110872451, 110895150, 110895157, 110872339, 110895189, 110895013, 110872615, 110872599, 110895173, 110895149, 110895144, 110872337, 110872364, 110872350, 110895194, 110872581, 110872550, 110895162, 110872348, 110872586, 110895016, 110872362, 110872546, 110895053, 110895023, 110895019, 110872315, 110895028, 110895160, 110895154, 110872466, 110872540, 110872333, 110872577, 110895069, 110872432, 110872445, 110872436, 110872600, 110895183, 110872453, 110895038, 110872373, 110872452, 110872450, 110895043, 110872611, 110895039, 110895058, 110872536, 110895179, 110872469, 110895170, 110895188, 110872593, 110895093, 110872567, 110872355, 110872413, 110895126, 110895128, 110872561, 110872568, 110872326, 110872429, 110872328, 110872591, 110895020, 110895090, 110895071, 110872320, 110872623, 110895076, 110872433, 110895081, 110895077, 110872440, 110872377, 110895025, 110872391, 110872386, 110872608, 110872441, 110872379, 110895047, 110872400, 110872388, 110872449, 110895085, 110895070, 110895083, 110872407, 110895108, 110872553, 110872574, 110872505, 110895080, 110895086, 110872306, 110872604, 110872402, 110895192, 110872396, 110872438, 110895079, 110895074, 110872434, 110872613, 110895184, 110895176, 110872610, 110872602, 110895072, 110895040, 110872594, 110895036, 110895057, 110890663, 110872607, 110872437, 110895073, 110872443, 110872446, 110872430, 110872598, 110895082, 110895033, 110895065, 110895066, 110895049, 110895051, 110872401, 110872398, 110872380, 110895037, 110872397, 110895060, 110872435, 110895135, 110872619, 110872463, 110872501, 110872331, 110872584, 110895167, 110895168, 110895099, 110872531, 110872319, 110872468, 110872556, 110872342, 110872481, 110872360, 110895133, 110872555, 110872606, 110872558, 110872366, 110872341, 110872569, 110895159, 110872572, 110895163, 110872327, 110872506, 110895087, 110872514, 110895024, 110872534, 110872482, 110895136, 110895097, 110872521, 110895096, 110895092, 110872530, 110872305, 

Shuppin: 

2504, 59, 4070, 4068, 53, 4012, 52, 4106, 4103, 4108, 57, 4006, 4064, 4054, 528, 2537, 2523, 2535, 2511, 2525, 2547, 2502, 501, 4022, 4003, 3049, 3043, 3056, 3060, 3405, 3035, 3030, 3058, 3052, 3002, 3401, 3021, 3063, 3067, 3041, 3019, 3017, 3037, 3039, 3411, 3403, 3032, 3026, 3416, 3418, 3410, 3050, 3421, 3022, 3008, 3402, 3406, 3012, 3031, 3064, 3408, 3412, 3014, 3407, 3020, 3016, 3038, 3003, 3005, 3415, 3422, 3414, 3404, 3413, 3036, 4063, 4061, 4118, 4087, 27, 4115, 4007, 4043, 9, 4036, 4029, 6019, 4083, 4121, 4098, 17, 13, 4016, 4058, 4112, 4105, 4077, 4109, 569, 41, 4040, 15, 31, 4, 26, 4030, 6010, 4009, 4091, 4123, 38, 5, 536, 49, 3054, 3062, 4042, 4107, 2513, 504, 3417, 3053, 4119, 44, 4071, 4113, 4111, 4092, 2524, 4116, 29, 4002, 20, 4073, 4039, 14, 4082, 4024, 511, 4084, 4120, 551, 6013, 563, 2517, 2501, 6117, 559, 544, 506, 2534, 6021, 2520, 537, 549, 520, 535, 502, 573, 1006, 1001, 6115, 2522, 60, 4032, 4020, 4018, 4117, 552, 2549, 532, 505, 519, 547, 2533, 530, 4047, 4069, 4056, 4017, 2519, 560, 1010, 4019, 4080, 4099, 6008, 4025, 1007, 1014, 1015, 1005, 1004, 1008, 1002, 1013, 1012, 4114, 561, 2542, 6110, 6118, 514, 540, 6015, 523, 4062, 3513, 3519, 3532, 3525, 6002, 3515, 6113, 3535, 3011, 3518, 3009, 6004, 3541, 3409, 3033, 3522, 556, 562, 2505, 6120, 1016, 6109, 6006, 6011, 555, 550, 2503, 2530, 2516, 6125, 538, 507, 567, 2514, 543, 2536, 2528, 503, 3061, 2543, 2539, 1009, 2548, 565, 56, 4011, 4085, 24, 534, 3526, 3503, 3516, 3507, 6007, 6024, 3524, 3046, 30, 3523, 3521, 3051, 6105, 3047, 3066, 4081, 6020, 4014, 58, 6119, 6, 4090, 524, 2521, 33, 4122, 4124, 518, 525, 18, 35, 2, 548, 2540, 40, 3528, 12, 8, 3533, 3504, 3538, 3534, 3511, 3004, 2545, 3018, 3013, 6102, 3512, 3006, 3055, 3027, 3015, 3520, 3542, 3527, 3540, 3034, 4104, 510, 531, 4050, 3537, 36, 10, 6014, 3029, 6123, 3023, 3509, 3536, 3531, 3505, 6107, 6025, 6017, 6104, 6009, 3529, 3048, 6001, 3044, 3065, 3042, 6101, 3508, 3530, 3514, 3517, 3501, 6005, 3539, 3040, 3419, 3420, 3057, 3059, 3028, 3025, 3007, 3045, 3024, 3068, 3506, 47, 6116, 4008, 4046, 22, 541, 571, 572, 4096, 4076, 11, 4013, 513, 2508, 4026, 2526, 45, 512, 6016, 515, 2532, 2507, 526, 564, 529, 568, 19, 4051, 37, 4059, 2544, 4079, 4027, 48, 4094, 4066, 4093, 4089, 4075, 1, 
-------------------------------------------------------------
No Yor Image:
No issues
-------------------------------------------------------------
Additional Photos Show 'No Foto':
No issues
-------------------------------------------------------------
No Auction Sheet:
No issues
-------------------------------------------------------------
