#############################################################
CAA ORIX KOBE (TENDER) Errors: 

Data Collection lasted for 10 minutes and 12.5 seconds.
Error checking completed within 0.1 seconds.
Finished checking on Monday, 01. April 2019 08:12PM 
#############################################################
No Foto On Main Image:
110881407, 

Shuppin: 

280, 
-------------------------------------------------------------
Japanese Characters:
No issues
-------------------------------------------------------------
Unknown Year/Make/Model:
110881351, 110881341, 110881307, 110881364, 

Shuppin: 

23, 22, 19, 241, 
-------------------------------------------------------------
Unknown Chassis Prefix:
No issues
-------------------------------------------------------------
No Transmission/Color/Fuel Type:
110881342, 110881351, 110881341, 110881307, 110881364, 

Shuppin: 

220, 23, 22, 19, 241, 
-------------------------------------------------------------
No Equipment:
No issues
-------------------------------------------------------------
Missing Yor:
110881345, 110881163, 110881227, 110881378, 110881248, 110881260, 110881176, 110881299, 110881296, 110881359, 110881285, 110881283, 110881289, 110881284, 110881357, 110881290, 110881481, 110881279, 110881300, 110881312, 110881264, 110881188, 110881347, 110881462, 110881400, 110881407, 110881420, 110881310, 110881302, 110881301, 110881414, 110881473, 110881475, 110881427, 110881476, 110881426, 110881478, 110881428, 110881406, 110881365, 110881201, 110881200, 110881367, 110881252, 110881180, 110881181, 110881182, 110881135, 110881187, 110881167, 110881292, 110881127, 110881435, 110881461, 110881130, 110881154, 110881456, 110881399, 110881398, 110881343, 110881394, 110881392, 110881393, 110881397, 110881396, 110881342, 110881221, 110881177, 110881405, 110881222, 110881215, 110881411, 110881304, 110881463, 110881273, 110881225, 110881321, 110881267, 110881465, 110881250, 110881391, 110881183, 110881386, 110881261, 110881139, 110881263, 110881144, 110881460, 110881385, 110881429, 110881219, 110881217, 110881390, 110881224, 110881380, 110881244, 110881251, 110881350, 110881352, 110881258, 110881275, 110881471, 110881298, 110881198, 110881438, 110881202, 110881186, 110881440, 110881361, 110881423, 110881132, 110881432, 110881131, 110881134, 110881373, 110881129, 110881295, 110881316, 110881315, 110881417, 110881355, 110881282, 110881314, 110881174, 110881281, 110881311, 110881466, 110881483, 110881286, 110881278, 110881480, 110881362, 110881351, 110881341, 110881307, 110881364, 110881148, 110881236, 110881309, 110881212, 110881155, 110881169, 110881138, 110881404, 110881141, 110881477, 110881430, 110881384, 110881178, 110881470, 110881441, 110881403, 110881431, 110881442, 110881437, 110881293, 110881474, 110881363, 110881291, 110881353, 110881358, 110881328, 110881233, 110881216, 110881226, 110881354, 110881133, 110881401, 110881229, 110881376, 110881257, 110881207, 110881375, 110881234, 110881150, 110881218, 110881270, 110881192, 110881382, 110881194, 110881381, 110881434, 110881372, 110881240, 110881305, 110881371, 110881185, 110881266, 110881452, 110881268, 110881388, 110881458, 110881172, 110881366, 110881444, 110881303, 110881170, 110881171, 110881190, 110881140, 110881213, 110881239, 110881159, 110881162, 110881160, 110881161, 110881332, 110881339, 110881340, 110881443, 110881348, 110881287, 110881230, 110881220, 110881409, 110881336, 110881412, 110881413, 110881158, 110881323, 110881324, 110881335, 110881334, 110881408, 110881322, 110881344, 110881168, 110881237, 110881241, 110881297, 110881152, 110881446, 110881447, 110881306, 110881269, 110881418, 110881173, 110881459, 110881254, 110881451, 110881235, 110881199, 110881126, 110881318, 110881256, 110881228, 110881445, 110881246, 110881247, 110881453, 110881231, 110881272, 110881184, 110881175, 110881294, 110881436, 110881319, 110881320, 110881482, 110881330, 110881128, 110881195, 110881356, 110881395, 110881485, 110881288, 110881421, 110881472, 110881210, 110881211, 110881189, 110881360, 110881255, 110881149, 110881191, 110881242, 110881249, 110881454, 110881331, 110881327, 110881271, 110881262, 110881164, 110881416, 110881433, 110881468, 110881317, 110881151, 110881214, 110881329, 110881349, 110881338, 110881337, 110881325, 110881157, 110881276, 110881193, 110881259, 110881313, 110881469, 110881419, 110881484, 110881467, 110881424, 110881277, 110881425, 110881415, 110881479, 110881280, 110881422, 110881450, 110881387, 110881374, 110881179, 110881156, 110881137, 110881232, 110881464, 110881449, 110881197, 110881136, 110881265, 110881147, 110881196, 110881253, 110881370, 110881153, 110881125, 110881369, 110881346, 110881223, 110881410, 110881326, 110881333, 110881439, 110881486, 110881143, 110881142, 110881448, 110881238, 110881389, 110881383, 110881243, 110881457, 110881455, 110881166, 110881245, 110881146, 110881377, 110881274, 110881165, 110881308, 110881368, 110881379, 110881145, 

Shuppin: 

223, 1038, 1098, 254, 13, 141, 1050, 181, 179, 237, 168, 166, 171, 167, 235, 172, 93, 162, 182, 194, 145, 1062, 226, 73, 274, 280, 31, 192, 185, 183, 287, 86, 88, 38, 89, 37, 90, 39, 28, 242, 1074, 1073, 244, 134, 1055, 1056, 1057, 1011, 1061, 1041, 174, 1002, 45, 72, 1007, 103, 68, 273, 272, 221, 269, 267, 268, 271, 270, 220, 1092, 1051, 279, 1093, 1087, 284, 187, 74, 156, 1096, 201, 149, 77, 132, 266, 1058, 261, 142, 1015, 144, 1020, 71, 260, 4, 1090, 1089, 265, 1095, 256, 125, 133, 229, 230, 14, 158, 82, 180, 1071, 49, 1075, 1060, 50, 239, 34, 1009, 42, 1008, 1010, 25, 1006, 178, 198, 197, 29, 233, 165, 196, 1049, 164, 193, 78, 95, 169, 161, 92, 24, 23, 22, 19, 241, 1024, 117, 191, 1084, 1030, 1043, 1014, 278, 1017, 9, 40, 26, 1052, 81, 51, 277, 41, 52, 48, 175, 87, 240, 173, 231, 236, 208, 114, 1088, 1097, 232, 101, 275, 110, 252, 139, 108, 251, 115, 1026, 109, 151, 1066, 258, 1068, 257, 44, 249, 121, 188, 248, 106, 148, 63, 15, 263, 7, 1047, 243, 55, 186, 1045, 1046, 1064, 1016, 1085, 12, 1034, 1037, 1035, 1036, 211, 218, 219, 54, 227, 17, 111, 1091, 282, 215, 285, 286, 1033, 203, 204, 214, 213, 281, 202, 222, 1042, 118, 122, 18, 1028, 57, 58, 189, 150, 3, 1048, 70, 136, 62, 116, 1072, 10, 2, 138, 11, 56, 128, 129, 64, 112, 154, 1059, 105, 177, 47, 20, 200, 94, 21, 1003, 1069, 234, 27, 97, 170, 32, 85, 1082, 1083, 1063, 238, 137, 1025, 1065, 123, 130, 65, 210, 207, 153, 143, 1039, 289, 43, 8, 199, 1027, 1086, 209, 228, 217, 216, 205, 1032, 16, 1067, 140, 195, 80, 30, 96, 79, 35, 160, 36, 288, 91, 163, 33, 61, 262, 250, 1054, 1031, 1013, 113, 76, 60, 1070, 1012, 146, 1023, 107, 135, 247, 1029, 1, 246, 225, 1094, 283, 206, 212, 5, 98, 1019, 1018, 59, 119, 264, 259, 124, 69, 67, 1040, 127, 1022, 253, 157, 104, 190, 245, 255, 1021, 
-------------------------------------------------------------
No Yor Image:
No issues
-------------------------------------------------------------
Additional Photos Show 'No Foto':
110881407, 

Shuppin: 

280, 
-------------------------------------------------------------
No Auction Sheet:
No issues
-------------------------------------------------------------
