#############################################################
CAA ORIX FUKUOKA (TENDER) Errors: 

Data Collection lasted for 4 minutes and 34.2 seconds.
Error checking completed within 0.0 seconds.
Finished checking on Monday, 01. April 2019 07:41PM 
#############################################################
No Foto On Main Image:
No issues
-------------------------------------------------------------
Japanese Characters:
No issues
-------------------------------------------------------------
Unknown Year/Make/Model:
110881645, 

Shuppin: 

23, 
-------------------------------------------------------------
Unknown Chassis Prefix:
No issues
-------------------------------------------------------------
No Transmission/Color/Fuel Type:
No issues
-------------------------------------------------------------
No Equipment:
No issues
-------------------------------------------------------------
Missing Yor:
110881594, 110881661, 110881667, 110881745, 110881611, 110881738, 110881672, 110881625, 110881604, 110881739, 110881723, 110881601, 110881713, 110881631, 110881605, 110881727, 110881726, 110881724, 110881728, 110881729, 110881725, 110881730, 110881658, 110881644, 110881722, 110881593, 110881755, 110881744, 110881750, 110881719, 110881633, 110881634, 110881683, 110881684, 110881698, 110881701, 110881702, 110881700, 110881704, 110881703, 110881652, 110881714, 110881622, 110881610, 110881749, 110881646, 110881668, 110881664, 110881599, 110881732, 110881645, 110881614, 110881598, 110881621, 110881742, 110881629, 110881669, 110881663, 110881649, 110881636, 110881642, 110881637, 110881596, 110881741, 110881656, 110881709, 110881595, 110881670, 110881600, 110881589, 110881659, 110881613, 110881706, 110881705, 110881662, 110881630, 110881602, 110881743, 110881753, 110881717, 110881754, 110881632, 110881638, 110881752, 110881592, 110881588, 110881616, 110881695, 110881626, 110881639, 110881716, 110881746, 110881650, 110881711, 110881597, 110881648, 110881591, 110881623, 110881689, 110881688, 110881677, 110881676, 110881691, 110881708, 110881651, 110881690, 110881710, 110881731, 110881603, 110881740, 110881654, 110881640, 110881617, 110881751, 110881671, 110881590, 110881653, 110881715, 110881641, 110881748, 110881696, 110881675, 110881685, 110881673, 110881681, 110881678, 110881692, 110881679, 110881693, 110881657, 110881674, 110881609, 110881747, 110881635, 110881619, 110881620, 110881655, 110881718, 110881737, 110881624, 110881734, 110881612, 110881618, 110881720, 110881608, 110881735, 110881606, 110881736, 110881733, 110881628, 110881643, 110881660, 110881707, 110881712, 110881615, 110881607, 110881665, 110881627, 110881647, 110881666, 110881721, 

Shuppin: 

104, 38, 43, 9, 12, 83, 48, 132, 113, 84, 7, 110, 60, 138, 114, 73, 72, 70, 74, 75, 71, 76, 35, 22, 69, 103, 99, 89, 94, 66, 14, 140, 508, 509, 521, 524, 525, 523, 527, 526, 3, 61, 13, 119, 93, 24, 44, 40, 109, 78, 23, 122, 108, 129, 87, 136, 45, 4, 27, 15, 20, 16, 106, 86, 33, 57, 105, 46, 11, 10, 36, 121, 54, 53, 39, 137, 111, 88, 97, 64, 98, 139, 17, 96, 102, 1, 124, 519, 133, 18, 63, 90, 28, 59, 107, 26, 101, 130, 513, 512, 502, 501, 515, 56, 29, 514, 58, 77, 112, 85, 31, 19, 125, 95, 47, 100, 30, 62, 2, 92, 52, 50, 51, 49, 506, 503, 516, 504, 517, 34, 5, 118, 91, 141, 127, 128, 32, 65, 82, 131, 8, 120, 126, 67, 117, 80, 115, 81, 79, 135, 21, 37, 55, 6, 123, 116, 41, 134, 25, 42, 68, 
-------------------------------------------------------------
No Yor Image:
No issues
-------------------------------------------------------------
Additional Photos Show 'No Foto':
No issues
-------------------------------------------------------------
No Auction Sheet:
No issues
-------------------------------------------------------------
