#############################################################
USS YOKOHAMA Errors: 

Data Collection lasted for 3 minutes and 48.1 seconds.
Error checking completed within 0.0 seconds.
Finished checking on Monday, 01. April 2019 11:56PM 
#############################################################
No Foto On Main Image:
No issues
-------------------------------------------------------------
Japanese Characters:
No issues
-------------------------------------------------------------
Unknown Year/Make/Model:
110884630, 110889501, 110884797, 110884970, 110883982, 110884580, 110892418, 110882900, 110884581, 110884626, 110890044, 110883961, 110884890, 110890141, 110890135, 110889486, 110883054, 110884603, 110882918, 110884411, 110883760, 110883776, 110890137, 110883787, 110883330, 110883801, 110884621, 110890022, 110889480, 110890142, 110884618, 110882917, 110884628, 110889694, 110883799, 110890138, 110883793, 110883798, 110883797, 110889740, 110884002, 110890042, 110889484, 110884764, 110884765, 110889304, 110890025, 110884888, 110884627, 110884620, 110882920, 110889491, 110889485, 110892443, 110890049, 110884625, 110884767, 110883967, 110884769, 110884605, 110884631, 110883980, 110883796, 110884622, 110889714, 110883749, 110884968, 110890136, 110883924, 110884892, 110890143, 110884612, 110889482, 110883995, 110890045, 110884883, 110884635, 110892480, 110883894, 110883296, 110883990, 110883996, 110884978, 110884985, 110889483, 110883997, 110883895, 110884609, 110889496, 110883301, 110884882, 110889502, 110890291, 110884949, 110883971, 110883052, 110892426, 110883058, 110883966, 110890041, 

Shuppin: 

20429, 235, 62746, 70126, 62743, 20345, 20378, 10180, 20346, 20424, 62758, 62704, 64246, 64242, 64228, 20396, 231, 20384, 10206, 86274, 50030, 50052, 64233, 52044, 52028, 52065, 20416, 62699, 20379, 64244, 20413, 10204, 20426, 30210, 52063, 64234, 52053, 52061, 52060, 52066, 62778, 62752, 20392, 30201, 30203, 10213, 62705, 64243, 20425, 20415, 10209, 20408, 20395, 60193, 62775, 20422, 30208, 62715, 30211, 20388, 20430, 62740, 52058, 20417, 50031, 50013, 70124, 64230, 62632, 64249, 64247, 20400, 20385, 62767, 62759, 64232, 20435, 86278, 60190, 24258, 62757, 62768, 70140, 80082, 20387, 62770, 60192, 20394, 20423, 24267, 64231, 237, 84118, 70087, 62724, 229, 225, 238, 62713, 62750, 
-------------------------------------------------------------
Unknown Chassis Prefix:
No issues
-------------------------------------------------------------
No Transmission/Color/Fuel Type:
110884630, 110889501, 110884797, 110884970, 110883982, 110884580, 110892418, 110882900, 110884581, 110884626, 110890044, 110883961, 110884890, 110890141, 110890135, 110889486, 110883054, 110884603, 110882918, 110884411, 110883760, 110883776, 110890137, 110883787, 110883330, 110883801, 110884621, 110890022, 110889480, 110890142, 110884618, 110882917, 110884628, 110889694, 110883799, 110890138, 110883793, 110883798, 110883797, 110889740, 110884002, 110890042, 110889484, 110884764, 110884765, 110889304, 110890025, 110884888, 110884627, 110884620, 110882920, 110889491, 110889485, 110892443, 110890049, 110884625, 110884767, 110883967, 110884769, 110884605, 110884631, 110883980, 110883796, 110884622, 110889714, 110883749, 110884968, 110890136, 110883924, 110884892, 110890143, 110884612, 110889482, 110883995, 110890045, 110884883, 110884635, 110892480, 110883894, 110883296, 110883990, 110883996, 110884978, 110884985, 110889483, 110883997, 110883895, 110884609, 110889496, 110883301, 110884882, 110889502, 110890291, 110884949, 110883971, 110883052, 110892426, 110883058, 110883966, 110890041, 

Shuppin: 

20429, 235, 62746, 70126, 62743, 20345, 20378, 10180, 20346, 20424, 62758, 62704, 64246, 64242, 64228, 20396, 231, 20384, 10206, 86274, 50030, 50052, 64233, 52044, 52028, 52065, 20416, 62699, 20379, 64244, 20413, 10204, 20426, 30210, 52063, 64234, 52053, 52061, 52060, 52066, 62778, 62752, 20392, 30201, 30203, 10213, 62705, 64243, 20425, 20415, 10209, 20408, 20395, 60193, 62775, 20422, 30208, 62715, 30211, 20388, 20430, 62740, 52058, 20417, 50031, 50013, 70124, 64230, 62632, 64249, 64247, 20400, 20385, 62767, 62759, 64232, 20435, 86278, 60190, 24258, 62757, 62768, 70140, 80082, 20387, 62770, 60192, 20394, 20423, 24267, 64231, 237, 84118, 70087, 62724, 229, 225, 238, 62713, 62750, 
-------------------------------------------------------------
No Equipment:
No issues
-------------------------------------------------------------
Missing Yor:
No issues
-------------------------------------------------------------
No Yor Image:
No issues
-------------------------------------------------------------
Additional Photos Show 'No Foto':
No issues
-------------------------------------------------------------
No Auction Sheet:
No issues
-------------------------------------------------------------
