#############################################################
USS RNAGOYA Errors: 

Data Collection lasted for 3 minutes and 32.3 seconds.
Error checking completed within 0.1 seconds.
Finished checking on Monday, 01. April 2019 11:49PM 
#############################################################
No Foto On Main Image:
No issues
-------------------------------------------------------------
Japanese Characters:
No issues
-------------------------------------------------------------
Unknown Year/Make/Model:
110887490, 110889171, 110889042, 110887430, 110887087, 110888342, 110888677, 110887627, 110887711, 110892228, 110889132, 110887677, 110888546, 110892237, 110888946, 110887011, 110888724, 110887044, 110887656, 110887312, 110887340, 110888281, 110889213, 110886843, 110887105, 110888883, 110887268, 110887136, 110886831, 110888768, 110885042, 110887755, 110888136, 110887883, 110887973, 110887477, 110887444, 110888557, 110887674, 110888559, 110888360, 110887728, 110888474, 110887178, 110888479, 110888255, 110888332, 110887211, 110889142, 110887495, 110888288, 110887201, 110888448, 110888357, 110887567, 110888294, 110888424, 110888316, 110887427, 110888875, 110888585, 110887647, 110889188, 110887649, 110887456, 110887621, 110888090, 110888106, 110888040, 110888959, 110889083, 110889078, 110886970, 110889189, 110892239, 110887756, 110887959, 110887644, 110887650, 110887645, 110887721, 110887132, 110887648, 110887732, 110887778, 110887868, 110888684, 110888011, 110885036, 110888089, 110887825, 110888140, 110887841, 110887867, 110888162, 110888871, 110888007, 110887925, 110888801, 110888093, 

Shuppin: 

18282, 77, 70552, 18212, 10278, 60181, 70133, 18431, 33, 18418, 72, 28, 60414, 50025, 70439, 10201, 70184, 10235, 20014, 18091, 18118, 60115, 85033, 10022, 10296, 70375, 18043, 10330, 10007, 70235, 50272, 50033, 50552, 50183, 50312, 18265, 18228, 67, 25, 69, 60200, 50, 60326, 118, 60333, 60083, 60171, 154, 75007, 18289, 60123, 143, 60294, 60196, 18367, 60130, 60266, 60153, 18209, 70367, 70029, 20004, 85008, 20006, 18240, 18424, 50503, 50519, 50452, 70452, 70602, 70596, 10160, 85009, 50051, 50034, 50288, 20001, 20007, 20002, 42, 10326, 20005, 50004, 50058, 50166, 70140, 50416, 50261, 50502, 50116, 50558, 50135, 50165, 50584, 70362, 50411, 50225, 70276, 50506, 
-------------------------------------------------------------
Unknown Chassis Prefix:
No issues
-------------------------------------------------------------
No Transmission/Color/Fuel Type:
110887490, 110889171, 110889042, 110887430, 110887087, 110888342, 110888677, 110887627, 110887711, 110892228, 110889132, 110887677, 110888546, 110892237, 110888946, 110887011, 110888724, 110887044, 110887656, 110887312, 110887340, 110888281, 110889213, 110886843, 110887105, 110888883, 110887268, 110887136, 110886831, 110888768, 110885042, 110887755, 110888136, 110887883, 110887973, 110887477, 110887444, 110888557, 110887674, 110888559, 110888360, 110887728, 110888474, 110887178, 110888479, 110888255, 110888332, 110887211, 110889142, 110887495, 110888288, 110887201, 110888448, 110888357, 110887567, 110888294, 110888424, 110888316, 110887427, 110888875, 110888585, 110887647, 110889188, 110887649, 110887456, 110887621, 110888090, 110888106, 110888040, 110888959, 110889083, 110889078, 110886970, 110889189, 110892239, 110887756, 110887959, 110887644, 110887650, 110887645, 110887721, 110887132, 110887648, 110887732, 110887778, 110887868, 110888684, 110888011, 110885036, 110888089, 110887825, 110888140, 110887841, 110887867, 110888162, 110888871, 110888007, 110887925, 110888801, 110888093, 

Shuppin: 

18282, 77, 70552, 18212, 10278, 60181, 70133, 18431, 33, 18418, 72, 28, 60414, 50025, 70439, 10201, 70184, 10235, 20014, 18091, 18118, 60115, 85033, 10022, 10296, 70375, 18043, 10330, 10007, 70235, 50272, 50033, 50552, 50183, 50312, 18265, 18228, 67, 25, 69, 60200, 50, 60326, 118, 60333, 60083, 60171, 154, 75007, 18289, 60123, 143, 60294, 60196, 18367, 60130, 60266, 60153, 18209, 70367, 70029, 20004, 85008, 20006, 18240, 18424, 50503, 50519, 50452, 70452, 70602, 70596, 10160, 85009, 50051, 50034, 50288, 20001, 20007, 20002, 42, 10326, 20005, 50004, 50058, 50166, 70140, 50416, 50261, 50502, 50116, 50558, 50135, 50165, 50584, 70362, 50411, 50225, 70276, 50506, 
-------------------------------------------------------------
No Equipment:
No issues
-------------------------------------------------------------
Missing Yor:
No issues
-------------------------------------------------------------
No Yor Image:
No issues
-------------------------------------------------------------
Additional Photos Show 'No Foto':
No issues
-------------------------------------------------------------
No Auction Sheet:
No issues
-------------------------------------------------------------
