#############################################################
JAA Errors: 

Data Collection lasted for 13 minutes and 21.4 seconds.
Error checking completed within 0.0 seconds.
Finished checking on Wednesday, 29. May 2019 09:14AM 
#############################################################

No Main Image:
No issues
-------------------------------------------------------------
Japanese Characters:
No issues
-------------------------------------------------------------
Unknown Year/Make/Model:
112004069, 112014955, 112004121, 112024261, 112024299, 112012995, 112024382, 112004929, 112004863, 112004851, 112012974, 112024597, 112004864, 112024396, 112012978, 112004895, 112004839, 112004861, 112004855, 112009247, 112024380, 112004845, 112004850, 112004860, 112013024, 112013029, 112009292, 112004927, 

Shuppin: 

15041, 15102, 16047, 15114, 16184, 27083, 27196, 27271, 27059, 27040, 27035, 27234, 27064, 27220, 27049, 27130, 27021, 27055, 27045, 24011, 27190, 27031, 27039, 27054, 27192, 27285, 27307, 27268, 
-------------------------------------------------------------
Unknown Chassis Prefix:
112012995, 112024382, 112004929, 112004863, 112004869, 112004851, 112012974, 112024597, 112012981, 112004864, 112024396, 112012978, 112004895, 112004839, 112004861, 112004855, 112009247, 112024380, 112004845, 112004850, 112004860, 112013024, 112013029, 112009292, 112009269, 112004927, 112009291, 112004925, 112004827, 112004945, 112004928, 112024831, 112012983, 112004926, 

Shuppin: 

27083, 27196, 27271, 27059, 27091, 27040, 27035, 27234, 27063, 27064, 27220, 27049, 27130, 27021, 27055, 27045, 24011, 27190, 27031, 27039, 27054, 27192, 27285, 27307, 27073, 27268, 27302, 27265, 27003, 27295, 27270, 27263, 27068, 27267, 
-------------------------------------------------------------
No Transmission/Color/Fuel Type:
112004069, 112014955, 112004121, 112024261, 112024299, 112012995, 112024382, 112004929, 112004863, 112004869, 112004851, 112012974, 112024597, 112012981, 112004864, 112024396, 112012978, 112004895, 112004839, 112004861, 112004855, 112009247, 112024380, 112004845, 112004850, 112004860, 112013024, 112013029, 112009292, 112009269, 112004927, 112009291, 112004925, 112004827, 112004945, 112004928, 112024831, 112012983, 112004926, 

Shuppin: 

15041, 15102, 16047, 15114, 16184, 27083, 27196, 27271, 27059, 27091, 27040, 27035, 27234, 27063, 27064, 27220, 27049, 27130, 27021, 27055, 27045, 24011, 27190, 27031, 27039, 27054, 27192, 27285, 27307, 27073, 27268, 27302, 27265, 27003, 27295, 27270, 27263, 27068, 27267, 
-------------------------------------------------------------
No Equipment:
No issues
-------------------------------------------------------------
Additional Photos Show 'No Foto':
No issues
-------------------------------------------------------------
No Auction Sheet:
No issues
-------------------------------------------------------------
