#############################################################
CAA ORIX ATSUGI (TENDER) Errors: 

Data Collection lasted for 2 minutes and 56.3 seconds.
Error checking completed within 3 minutes and 30.2 seconds.
Finished checking on Tuesday, 19. March 2019 09:25PM 
#############################################################
Japanese Characters:
No issues
-------------------------------------------------------------
Unknown Year/Make/Model:
110540992, 110551928, 110551986, 110551810, 110551793, 110552020, 

Shuppin: 

1060, 2068, 49, 1045, 1013, 93, 
-------------------------------------------------------------
Unknown Chassis Prefix:
No issues
-------------------------------------------------------------
No Transmission/Color/Fuel Type:
110540992, 110551844, 

Shuppin: 

1060, 109, 
-------------------------------------------------------------
No Equipment:
No issues
-------------------------------------------------------------
Missing Yor:
110551865, 110551952, 110551926, 110541115, 110541004, 110541044, 110541039, 110552000, 110541083, 110541019, 110540998, 110551827, 110551835, 110551983, 110541107, 110541129, 110541029, 110541112, 110541082, 110551809, 110551799, 110551913, 110551914, 110551816, 110551815, 110551831, 110551939, 110551971, 110551966, 110551907, 110551904, 110551918, 110551814, 110551982, 110552001, 110551994, 110551788, 110551884, 110551962, 110551961, 110551852, 110551834, 110551870, 110552022, 110551987, 110551896, 110551929, 110552012, 110552016, 110551935, 110551916, 110551909, 110551949, 110551954, 110551845, 110551880, 110551800, 110551819, 110551811, 110551943, 110540980, 110540981, 110541052, 110541045, 110541080, 110551937, 110541114, 110541020, 110541036, 110541018, 110540983, 110541000, 110541003, 110540985, 110541001, 110540984, 110541002, 110541035, 110541120, 110551956, 110551948, 110551992, 110551868, 110551869, 110551967, 110551862, 110540992, 110551841, 110551970, 110551844, 110551931, 110551797, 110551921, 110551786, 110551877, 110551984, 110551988, 110551849, 110551798, 110551812, 110551857, 110551833, 110551912, 110551866, 110551890, 110551928, 110551986, 110551810, 110551793, 110552020, 110551938, 110551856, 110551808, 110551919, 110551850, 110551821, 110551911, 110541105, 110551796, 110551848, 110551973, 110541075, 110541051, 110551975, 110551999, 110551882, 110551934, 110552003, 110551951, 110551955, 110551953, 110551886, 110552023, 110551891, 110552021, 110551927, 110541128, 110551905, 110551932, 110551996, 110551901, 110552004, 110551830, 110551887, 110551824, 110551872, 110552008, 110551917, 110551791, 110551805, 110551807, 110551818, 110551941, 110551942, 110541056, 110541072, 110541055, 110541097, 110541095, 110541060, 110541093, 110541077, 110541070, 110541071, 110541069, 110541066, 110541054, 110541096, 110541073, 110541067, 110541042, 110541068, 110541065, 110541049, 110540966, 110540991, 110540972, 110541010, 110541091, 110540978, 110540968, 110541090, 110541118, 110541032, 110551817, 110551853, 110551947, 110551794, 110551795, 110551851, 110551846, 110552009, 110551940, 110551933, 110551895, 110552015, 110551922, 110551826, 110551972, 110551822, 110551920, 110551995, 110551790, 110551990, 110551802, 110551840, 110541027, 110551998, 110551977, 110551979, 110551981, 110551980, 110551838, 110551964, 110551893, 110551908, 110552011, 110551813, 110551924, 110551825, 110541076, 110540988, 110540973, 110540989, 110541014, 110541015, 110541078, 110541117, 110541119, 110541037, 110541102, 110540976, 110541026, 110541138, 110540974, 110541123, 110541016, 110541127, 110541064, 110541130, 110541005, 110541137, 110541094, 110541099, 110540962, 110540971, 110541103, 110541059, 110551855, 110551854, 110551864, 110551957, 110551963, 110551959, 110551859, 110551944, 110551885, 110551960, 110551804, 110552013, 110540995, 110540970, 110541133, 110541100, 110541012, 110551878, 110551925, 110551897, 110551879, 110551958, 110551965, 110551860, 110552014, 110551969, 110551832, 110551936, 110551993, 110551991, 110551829, 110551823, 110551839, 110551842, 110552019, 110541124, 110541140, 110541132, 110541061, 110540969, 110541116, 110541030, 110540986, 110540967, 110541122, 110541139, 110541134, 110551881, 110551900, 110551876, 110551820, 110551836, 

Shuppin: 

146, 223, 2063, 27, 116, 2006, 195, 69, 2055, 149, 1081, 1067, 1076, 42, 217, 62, 173, 238, 2053, 1042, 102, 2025, 2026, 1052, 1051, 1071, 2090, 25, 24, 2011, 2004, 2048, 1050, 4, 7, 6, 1002, 175, 233, 232, 122, 1075, 154, 95, 5, 191, 2069, 81, 88, 2079, 2041, 2017, 219, 226, 11, 167, 1023, 1056, 1046, 21, 1034, 1035, 2016, 2007, 2051, 2081, 26, 15, 186, 147, 1037, 112, 115, 1039, 113, 1038, 114, 185, 41, 228, 218, 57, 151, 152, 240, 138, 1060, 1082, 243, 109, 2072, 1018, 2056, 100, 162, 43, 50, 119, 1019, 1048, 130, 1073, 2022, 148, 182, 2068, 49, 1045, 1013, 93, 2084, 126, 1041, 2049, 12, 1058, 2019, 214, 1017, 118, 30, 2044, 2015, 32, 65, 169, 2076, 72, 222, 227, 225, 177, 96, 187, 94, 2066, 59, 2005, 2074, 61, 2, 73, 1070, 18, 1062, 156, 77, 2045, 1007, 1032, 1040, 1055, 2092, 2093, 2023, 2040, 2021, 2083, 2080, 2029, 2077, 2047, 2038, 2039, 2037, 2034, 2020, 2082, 2042, 2035, 2002, 2036, 2033, 2012, 1008, 1053, 1020, 13, 2071, 1028, 1010, 2070, 33, 179, 1054, 123, 216, 1014, 1015, 120, 110, 78, 2091, 2075, 190, 86, 2057, 1066, 3, 1059, 2054, 60, 1004, 55, 103, 1080, 170, 64, 35, 37, 39, 38, 1079, 236, 189, 2014, 8, 105, 2061, 1065, 2046, 1044, 1021, 1047, 142, 143, 205, 29, 40, 192, 2089, 1026, 17, 9, 1022, 47, 144, 54, 2032, 66, 117, 87, 2078, 2086, 1, 1016, 209, 2028, 125, 124, 140, 229, 235, 230, 132, 210, 176, 231, 1031, 83, 1064, 1012, 70, 2087, 14, 163, 2062, 193, 166, 23, 237, 133, 85, 242, 1072, 208, 58, 56, 107, 106, 108, 1083, 92, 48, 97, 68, 203, 1011, 28, 174, 104, 101, 46, 91, 80, 168, 198, 161, 1057, 1077, 
-------------------------------------------------------------
No Yor Image:
No issues
-------------------------------------------------------------
Image Show No Foto:
No issues
-------------------------------------------------------------
No Auction Sheet:
No issues
-------------------------------------------------------------
