#############################################################
CAA LUM TOKYO (TENDER) Errors: 

Data Collection lasted for 1 minute and 57.3 seconds.
Error checking completed within 3 minutes and 30.1 seconds.
Finished checking on Tuesday, 19. March 2019 09:38PM 
#############################################################
Japanese Characters:
No issues
-------------------------------------------------------------
Unknown Year/Make/Model:
No issues
-------------------------------------------------------------
Unknown Chassis Prefix:
No issues
-------------------------------------------------------------
No Transmission/Color/Fuel Type:
No issues
-------------------------------------------------------------
No Equipment:
No issues
-------------------------------------------------------------
Missing Yor:
110540409, 110540517, 110540483, 110551243, 110540453, 110540424, 110540420, 110540362, 110540426, 110540440, 110540457, 110540429, 110551101, 110551205, 110551257, 110551119, 110551120, 110551123, 110540395, 110551289, 110551141, 110551065, 110551070, 110551284, 110551063, 110551109, 110551187, 110551263, 110551185, 110551066, 110551211, 110551210, 110551222, 110551131, 110551112, 110551195, 110551110, 110551201, 110551103, 110551212, 110551202, 110551073, 110551227, 110551245, 110551274, 110551142, 110551244, 110551064, 110551067, 110551253, 110551081, 110551076, 110551237, 110540551, 110540464, 110540459, 110540466, 110540467, 110540381, 110540460, 110540374, 110540461, 110540468, 110540378, 110540524, 110540571, 110540572, 110540573, 110540507, 110540506, 110540480, 110551124, 110551122, 110551140, 110540441, 110551071, 110551175, 110551248, 110551258, 110551148, 110551271, 110551084, 110551254, 110551255, 110551146, 110551145, 110551096, 110551181, 110551161, 110551177, 110551056, 110551055, 110551079, 110551092, 110551157, 110551106, 110551179, 110551097, 110551089, 110551242, 110551215, 110551204, 110551060, 110551180, 110551074, 110551182, 110551059, 110551200, 110551099, 110551184, 110551218, 110551135, 110551176, 110551207, 110551130, 110551133, 110551134, 110551268, 110551132, 110551281, 110540567, 110540568, 110540413, 110540423, 110551220, 110551172, 110551173, 110551174, 110551239, 110551167, 110551235, 110551275, 110551183, 110551083, 110551068, 110551138, 110551111, 110551280, 110551136, 110551137, 110551108, 110551224, 110551240, 110551153, 110551165, 110551225, 110551233, 110551158, 110551166, 110551168, 110551159, 110551232, 110551241, 110551228, 110551086, 110551170, 110551236, 110551229, 110551231, 110551171, 110551230, 110551238, 110551214, 110551152, 110551090, 110551139, 110551075, 110551206, 110551196, 110551223, 110551217, 110551080, 110551088, 110551266, 110551219, 110551105, 110551093, 110540455, 110551062, 110551234, 110551250, 110540439, 110540383, 110540514, 110540503, 110540462, 110540392, 110540547, 110540397, 110540486, 110540380, 110540546, 110551203, 110540408, 110540478, 110540473, 110540474, 110540472, 110540365, 110540502, 110540371, 110551107, 110551077, 110551277, 110551164, 110551267, 110551178, 110551104, 110551209, 110551069, 110551282, 110551285, 110540513, 110540564, 110551082, 110540410, 110551261, 110551262, 110551265, 110551186, 110551147, 110551155, 110551144, 110551151, 110551154, 110551221, 110551251, 110551213, 110551216, 110551150, 110551208, 110551252, 110551276, 110551272, 110540425, 110540521, 110540548, 110540477, 110540523, 110540446, 110540385, 110540389, 110540549, 110540484, 110540543, 110540388, 110540387, 110540510, 110540539, 110540405, 110540431, 110540432, 110540411, 110540435, 110540394, 110540475, 110540406, 110540489, 110540561, 110540456, 110540476, 110540536, 110540562, 110540520, 110540550, 110540535, 110540555, 110540454, 110540494, 110540528, 110540559, 110540487, 110540566, 110540540, 110540501, 110540366, 110540469, 110540560, 110540407, 110540526, 110540430, 110540545, 110540422, 110551143, 110551156, 110540533, 110540565, 110540544, 110551126, 110551127, 110551058, 110540361, 110551198, 110540485, 110540558, 110540448, 110540552, 110540403, 110540442, 110540569, 

Shuppin: 

26416, 71159, 6717, 6854, 61347, 26447, 26443, 25389, 26449, 26494, 6472, 26454, 26463, 6778, 82501, 61336, 61337, 61342, 26348, 91684, 6454, 26266, 26301, 82673, 26261, 5398, 6740, 82582, 6738, 26275, 6792, 6791, 6822, 6247, 6106, 6755, 5827, 6771, 26466, 6795, 6772, 26343, 6831, 71129, 82653, 6501, 71111, 26265, 26279, 71185, 26389, 26379, 6847, 82641, 6589, 6497, 6630, 6643, 26273, 6498, 26230, 6507, 6651, 26241, 71194, 91688, 91691, 91696, 6799, 6798, 6705, 61345, 61340, 6420, 26496, 26304, 6718, 71158, 82564, 6574, 82636, 26395, 71189, 71190, 6560, 6559, 26432, 6728, 6692, 6720, 26163, 26162, 26383, 26421, 6679, 26484, 6723, 26434, 26409, 6853, 6808, 6777, 26234, 6726, 26345, 6731, 26233, 6767, 26455, 6737, 6813, 6324, 6719, 6782, 6158, 6284, 6310, 82630, 6283, 82667, 91678, 91679, 26430, 26446, 6818, 6713, 6714, 6715, 6850, 6706, 6842, 82657, 6735, 26392, 26297, 6416, 5830, 82666, 6363, 6366, 26495, 6827, 6851, 6662, 6702, 6828, 6839, 6683, 6703, 6707, 6685, 6838, 6852, 6832, 26402, 6711, 6844, 6833, 6836, 6712, 6835, 6848, 6806, 6659, 26410, 6418, 26376, 6779, 6756, 6823, 6812, 26385, 26408, 82598, 6815, 26482, 26424, 6347, 26238, 6841, 71178, 26489, 26284, 71075, 6787, 6531, 26340, 82635, 26359, 6727, 26262, 82632, 6773, 26415, 6700, 6687, 6691, 6680, 26119, 6783, 26210, 26492, 26380, 82663, 6701, 82606, 6722, 26478, 6790, 26300, 82668, 82676, 71005, 82675, 26391, 26417, 82575, 82576, 82590, 6739, 6570, 6664, 6557, 6635, 6663, 6820, 71181, 6801, 6809, 6634, 6788, 71182, 82661, 82640, 26448, 71184, 82637, 6698, 71191, 5788, 26294, 26302, 82638, 6724, 82627, 26299, 26298, 6814, 82619, 26406, 26458, 26459, 26419, 26470, 26344, 6693, 26413, 6732, 82669, 6378, 6694, 82613, 82672, 71179, 82639, 82604, 82650, 6274, 6753, 82536, 82659, 6729, 91654, 82621, 6780, 26155, 6667, 82662, 26414, 82451, 26456, 82629, 26445, 6555, 6670, 82593, 82681, 82628, 61350, 61351, 26194, 25108, 6761, 6725, 82658, 5941, 82642, 26400, 26498, 91680, 
-------------------------------------------------------------
No Yor Image:
No issues
-------------------------------------------------------------
Image Show No Foto:
No issues
-------------------------------------------------------------
No Auction Sheet:
No issues
-------------------------------------------------------------
