#############################################################
JAA Errors: 

Data Collection lasted for 7 minutes and 36.4 seconds.
Error checking completed within 0.0 seconds.
Finished checking on Tuesday, 19. March 2019 11:00PM 
#############################################################
Japanese Characters:
No issues
-------------------------------------------------------------
Unknown Year/Make/Model:
110568393, 

Shuppin: 

27161, 
-------------------------------------------------------------
Unknown Chassis Prefix:
No issues
-------------------------------------------------------------
No Transmission/Color/Fuel Type:
110568393, 

Shuppin: 

27161, 
-------------------------------------------------------------
No Equipment:
No issues
-------------------------------------------------------------
Missing Yor:
No issues
-------------------------------------------------------------
No Yor Image:
110568391, 110568401, 110558442, 110568402, 110558434, 110558591, 110558431, 110558579, 110558508, 110558527, 110558505, 110558437, 110558522, 110568406, 110558596, 110558497, 110568426, 110558595, 110568347, 110568363, 110557922, 110557961, 110568170, 110568191, 110558030, 110558069, 110575628, 110558516, 110575637, 110558492, 110557904, 110558486, 110558498, 110558538, 110568409, 110558014, 110558097, 110557858, 110576128, 110558134, 110568182, 110558451, 110575592, 110568200, 110568339, 110558418, 110558519, 110558092, 110557929, 110568198, 110576159, 110558470, 110558571, 110558117, 110576153, 110558110, 110558394, 110558430, 110558477, 110568369, 110558478, 110558552, 110568404, 110558568, 110568342, 110568432, 110568400, 110558441, 110558556, 110558406, 110558402, 110558500, 110558415, 110558429, 110558449, 110576149, 110558526, 110558506, 110558453, 110558428, 110558542, 110568397, 110558440, 110558493, 110558573, 110558448, 110558483, 110558528, 110568364, 110576155, 110558416, 110558454, 110558399, 110568359, 110576156, 110558468, 110568428, 110575636, 110558444, 110558544, 110576151, 110558457, 110568358, 110568377, 110568380, 110568398, 110568378, 110576154, 110558398, 110568422, 110558412, 110568361, 110558494, 110558443, 110558068, 110558388, 110558460, 110568328, 110568174, 110558067, 110557913, 110568193, 110558424, 110568384, 110575633, 110568416, 110568434, 110558580, 110558551, 110568411, 110568352, 110558439, 110558590, 110568394, 110558090, 110568393, 110558403, 110568405, 110558427, 110568354, 110558501, 110568435, 110558531, 110557979, 110568417, 110558390, 110558587, 110558445, 110558558, 110558458, 110568431, 110568379, 110558397, 110568365, 110568389, 110576150, 110558425, 110568414, 110558588, 110558413, 110558557, 110568390, 110558586, 110568348, 110558485, 110558555, 110558561, 110568387, 110568383, 110558489, 110568341, 110568424, 110575634, 110558462, 110558524, 110558001, 110557857, 110557967, 110558499, 110558564, 110558411, 110568336, 110558584, 110558548, 110558592, 110558566, 110568370, 110568392, 110575627, 110558387, 110558559, 110558509, 110558392, 110558385, 110558456, 110558518, 110558479, 110568382, 110558513, 110558373, 110568171, 110558071, 110558435, 110558546, 110568267, 110557724, 110558109, 110557830, 110568086, 110558347, 110568110, 110558324, 110558298, 110557708, 110568286, 110558276, 110568327, 110557817, 110558229, 110575573, 110558307, 110568076, 110557777, 110568150, 110568095, 110557938, 110557949, 110557925, 110557959, 110568180, 110558058, 110568168, 110557868, 110557955, 110557918, 110557919, 110557965, 110557980, 110557996, 110557742, 110575588, 110557850, 110568042, 110557729, 110568145, 110568309, 110557815, 110557759, 110558354, 110568207, 110557884, 110557833, 110558487, 110558107, 110558344, 110558278, 110558318, 110557806, 110558221, 110558227, 110558311, 110557853, 110557954, 110568162, 110558331, 110568154, 110558131, 110568321, 110576147, 110557992, 110557705, 110568046, 110557701, 110568044, 110558377, 110557873, 110558127, 110558163, 110558179, 110568262, 110568264, 110568257, 110558150, 110558175, 110558149, 110568263, 110568229, 110558198, 110568334, 110568258, 110575614, 110575612, 110575619, 110568256, 110558043, 110557983, 

Shuppin: 

27158, 27177, 27045, 27178, 27035, 27259, 27032, 27245, 27140, 27167, 27135, 27040, 27157, 27186, 27265, 27124, 27276, 27264, 26016, 27059, 18078, 18125, 18096, 18250, 18205, 18249, 25026, 27150, 27218, 27118, 18057, 27110, 27125, 27193, 27206, 18187, 18281, 18004, 18301, 19034, 18173, 27056, 18312, 18298, 25020, 27015, 27154, 18276, 18086, 18295, 27298, 27084, 27235, 19013, 27283, 19005, 25014, 27031, 27092, 27082, 27095, 27212, 27182, 27232, 26008, 27284, 27176, 27044, 27216, 27001, 26005, 27129, 27012, 27030, 27054, 25021, 27165, 27136, 27058, 27029, 27200, 27172, 27043, 27119, 27237, 27053, 27106, 27168, 27061, 27292, 27013, 27060, 26002, 27038, 27293, 27080, 27279, 27149, 27047, 27202, 27268, 27066, 27028, 27102, 27107, 27173, 27104, 27288, 26001, 27271, 27009, 27049, 27120, 27046, 18248, 25006, 27069, 24024, 18117, 18247, 18067, 18282, 27023, 27126, 26030, 27251, 27286, 27246, 27211, 27217, 26022, 27042, 27258, 27166, 18274, 27161, 26006, 27185, 27026, 27006, 27130, 27287, 27180, 18146, 27262, 25010, 27255, 27048, 27220, 27067, 27282, 27105, 25017, 27063, 27148, 26014, 27024, 27240, 27256, 27010, 27219, 27151, 27254, 26017, 27109, 27215, 27223, 27137, 27121, 27113, 26007, 27274, 26041, 27071, 27163, 18171, 18003, 18132, 27128, 27226, 27008, 25008, 27252, 27208, 27260, 27230, 27083, 27160, 25025, 25005, 27221, 27141, 25012, 25003, 27065, 27153, 27096, 27116, 27145, 24006, 18106, 18252, 27036, 27204, 23019, 11046, 19004, 16019, 15058, 23167, 16006, 23140, 23110, 11027, 23120, 23082, 24023, 16002, 23017, 15084, 23121, 15048, 15001, 16088, 15067, 18097, 18110, 18081, 18123, 18151, 18237, 18085, 18017, 18119, 18072, 18075, 18130, 18147, 18166, 11068, 16112, 16042, 11105, 11053, 16082, 23211, 15043, 11089, 23176, 19021, 18035, 16022, 27111, 19002, 23163, 23084, 23134, 15034, 23007, 23015, 23125, 16045, 18116, 18019, 23148, 16093, 19030, 24002, 24017, 18161, 11024, 11110, 11020, 11107, 24010, 18023, 19026, 21035, 21055, 21162, 21164, 21156, 21016, 21049, 21015, 21163, 21121, 21077, 24030, 21157, 21168, 21149, 21174, 21154, 18220, 18152, 
-------------------------------------------------------------
Image Show No Foto:
No issues
-------------------------------------------------------------
No Auction Sheet:
No issues
-------------------------------------------------------------
