#############################################################
USS KOBE Errors: 

Data Collection lasted for 3 minutes and 49.6 seconds.
Error checking completed within 0.0 seconds.
Finished checking on Tuesday, 19. March 2019 10:16PM 
#############################################################
Japanese Characters:
No issues
-------------------------------------------------------------
Unknown Year/Make/Model:
110557619, 110563952, 

Shuppin: 

4026, 81105, 
-------------------------------------------------------------
Unknown Chassis Prefix:
No issues
-------------------------------------------------------------
No Transmission/Color/Fuel Type:
110564055, 110557619, 110568457, 110568459, 110561932, 110563953, 110563919, 110564050, 110563952, 110563928, 110563962, 110564010, 110570031, 

Shuppin: 

88017, 4026, 82009, 82021, 7013, 81106, 81063, 88012, 81105, 81074, 81116, 82023, 81153, 
-------------------------------------------------------------
No Equipment:
No issues
-------------------------------------------------------------
Missing Yor:
No issues
-------------------------------------------------------------
No Yor Image:
110557640, 110557641, 110557659, 110569942, 110561942, 110570086, 110562171, 110557439, 110569926, 110561902, 110562138, 110557591, 110557674, 110557650, 110557646, 110557634, 110557599, 110557645, 110557667, 110557595, 110557485, 110557520, 110557583, 110569964, 110557643, 110557683, 110561879, 110557666, 110557660, 110557648, 110557567, 110557658, 110557647, 110557651, 110557626, 110557602, 110557620, 110568438, 110561897, 110564055, 110557469, 110557452, 110562121, 110561906, 110557582, 110561917, 110557619, 110561939, 110557579, 110557464, 110562170, 110557481, 110557668, 110557590, 110561886, 110569949, 110562131, 110557618, 110557617, 110562123, 110557593, 110557612, 110557499, 110569897, 110557574, 110557573, 110557621, 110569916, 110557679, 110561916, 110557600, 110569934, 110570072, 110569944, 110557632, 110561913, 110569945, 110569947, 110569853, 110569986, 110562050, 110561979, 110561934, 110557472, 110562008, 110563946, 110569982, 110569883, 110562108, 110557512, 110557657, 110561882, 110561893, 110557492, 110569954, 110569941, 110557458, 110557491, 110563972, 110563909, 110557571, 110557471, 110557436, 110557445, 110561940, 110562144, 110569882, 110562164, 110562128, 110557506, 110557493, 110557438, 110557489, 110562127, 110557510, 110570084, 110562175, 110569879, 110569936, 110557669, 110557463, 110569908, 110557568, 110563921, 110569967, 110562063, 110557482, 110557474, 110562110, 110562109, 110562085, 110561890, 110557671, 110570085, 110562173, 110562152, 110562172, 110570025, 110561887, 110561954, 110569969, 110570002, 110570043, 110563937, 110557555, 110562118, 110557468, 110562106, 110557544, 110557597, 110569991, 110564021, 110568457, 110563997, 110564005, 110568459, 110557615, 110561932, 110563953, 110563919, 110564050, 110570070, 110570079, 110562165, 110562137, 110557486, 110557564, 110557677, 110557613, 110557656, 110557676, 110569928, 110557675, 110557552, 110564027, 110564030, 110569995, 110570033, 110563996, 110562154, 110561876, 110561830, 110561924, 110561812, 110569992, 110568446, 110569884, 110561814, 110561828, 110561835, 110568452, 110557584, 110557575, 110557507, 110561936, 110557444, 110561926, 110557539, 110557503, 110569865, 110569893, 110557540, 110569891, 110557566, 110569981, 110569892, 110557672, 110561969, 110561848, 110569983, 110569930, 110562132, 110570071, 110562124, 110569864, 110557548, 110561898, 110569927, 110557522, 110557560, 110557451, 110562153, 110563904, 110561938, 110561973, 110563983, 110562001, 110562003, 110562019, 110561960, 110561931, 110563908, 110570028, 110563991, 110563923, 110563952, 110562038, 110561990, 110569998, 110561943, 110562004, 110568455, 

Shuppin: 

5001, 5002, 5023, 6062, 7025, 9092, 9080, 10006, 3084, 6037, 9039, 3075, 5042, 5013, 5009, 4044, 4001, 5008, 5033, 3080, 10059, 10102, 3066, 6091, 5004, 6006, 6009, 5032, 5024, 5011, 3046, 5022, 5010, 5014, 4035, 4004, 4027, 10016, 6032, 88017, 10041, 10020, 9019, 6043, 3063, 6055, 4026, 7022, 3060, 10034, 9079, 10055, 5034, 3073, 6016, 6072, 9030, 4025, 4024, 9022, 3078, 4019, 10077, 10151, 3055, 3052, 4030, 3010, 6002, 6054, 4002, 4007, 9031, 6066, 4042, 6050, 6067, 6070, 10081, 7055, 80113, 80032, 7015, 10044, 80066, 81097, 7050, 10137, 9004, 10094, 5021, 6012, 6026, 10068, 6079, 6061, 10028, 10067, 81128, 81050, 3050, 10043, 10001, 10012, 7023, 9047, 10136, 9071, 9027, 10086, 10069, 10003, 10064, 9026, 10090, 9090, 9084, 10133, 5055, 5035, 10033, 19031, 3047, 81067, 7009, 81003, 10056, 10046, 9006, 9005, 81027, 6022, 5037, 9091, 9082, 9057, 9081, 81110, 6019, 80002, 7020, 80026, 83019, 81085, 3031, 9016, 10040, 9002, 3018, 3082, 7061, 82035, 82009, 82006, 82016, 82021, 4022, 7013, 81106, 81063, 88012, 9015, 9066, 9072, 9038, 10061, 3041, 5045, 4020, 5020, 5044, 3086, 5043, 3028, 82041, 82046, 7066, 82043, 82005, 9059, 2077, 2025, 7003, 2005, 7063, 2083, 10138, 2007, 2022, 2030, 2089, 3067, 3056, 10087, 7017, 10011, 7005, 3013, 10083, 10119, 10147, 3014, 10145, 3045, 7049, 10146, 5038, 80020, 2046, 7051, 3089, 9033, 9021, 9023, 10118, 3024, 6033, 3085, 10106, 3037, 10019, 9058, 81042, 7019, 80024, 81141, 80057, 80061, 80078, 80009, 7012, 81048, 81131, 81152, 81069, 81105, 80100, 80045, 80004, 7026, 80062, 80037, 
-------------------------------------------------------------
Image Show No Foto:
No issues
-------------------------------------------------------------
No Auction Sheet:
No issues
-------------------------------------------------------------
