#############################################################
USS NIIGATA Errors: 

Data Collection lasted for 7 minutes and 52.2 seconds.
Error checking completed within 0.1 seconds.
Finished checking on Tuesday, 19. March 2019 10:02PM 
#############################################################
Japanese Characters:
No issues
-------------------------------------------------------------
Unknown Year/Make/Model:
110566865, 110566904, 110574714, 110566685, 

Shuppin: 

6023, 7039, 3146, 4040, 
-------------------------------------------------------------
Unknown Chassis Prefix:
No issues
-------------------------------------------------------------
No Transmission/Color/Fuel Type:
110566904, 110574709, 110574714, 

Shuppin: 

7039, 3117, 3146, 
-------------------------------------------------------------
No Equipment:
No issues
-------------------------------------------------------------
Missing Yor:
No issues
-------------------------------------------------------------
No Yor Image:
110566412, 110567118, 110574742, 110566525, 110566559, 110566596, 110574731, 110566407, 110567096, 110566530, 110566601, 110567012, 110567097, 110567098, 110567071, 110567127, 110566698, 110566771, 110566848, 110566431, 110567018, 110566707, 110566742, 110566722, 110566416, 110566820, 110566752, 110567016, 110566715, 110566713, 110566714, 110566865, 110574726, 110574729, 110566804, 110567070, 110566986, 110566662, 110566567, 110566705, 110567008, 110566807, 110566564, 110566578, 110566706, 110566605, 110566506, 110566728, 110566754, 110566830, 110566787, 110566761, 110566846, 110566730, 110566813, 110566522, 110566762, 110566543, 110567110, 110567004, 110566639, 110566463, 110566445, 110566461, 110566975, 110566957, 110566430, 110574711, 110566509, 110566799, 110566773, 110567099, 110566504, 110567137, 110566628, 110566550, 110566735, 110566809, 110566702, 110566725, 110566772, 110566915, 110574703, 110567120, 110567139, 110574694, 110567115, 110567086, 110567068, 110567092, 110574697, 110566617, 110566537, 110574716, 110567007, 110566516, 110574743, 110566517, 110566948, 110566687, 110574732, 110566696, 110566995, 110566514, 110566598, 110566649, 110566792, 110566903, 110566623, 110566859, 110566541, 110566452, 110566451, 110566672, 110567010, 110566660, 110566513, 110566484, 110566527, 110566469, 110574700, 110566464, 110566632, 110566973, 110567130, 110566456, 110566483, 110566644, 110567032, 110567006, 110566518, 110566678, 110566770, 110566729, 110574727, 110566850, 110567142, 110567042, 110567069, 110574724, 110566595, 110566803, 110567002, 110574704, 110566768, 110566921, 110566913, 110566884, 110566928, 110566877, 110566925, 110566624, 110566872, 110566905, 110566851, 110566876, 110566917, 110566907, 110566929, 110566892, 110566896, 110566719, 110566590, 110566681, 110566923, 110566916, 110566873, 110566904, 110566636, 110566724, 110566717, 110566987, 110567072, 110567050, 110574698, 110567053, 110567075, 110567089, 110567132, 110566839, 110566659, 110567022, 110566680, 110566423, 110566421, 110566535, 110574701, 110566658, 110566828, 110574696, 110566790, 110566694, 110567111, 110567001, 110574709, 110566823, 110566791, 110566812, 110566630, 110566692, 110574728, 110566510, 110566629, 110566785, 110566738, 110566783, 110566782, 110566575, 110566574, 110566816, 110567094, 110566655, 110574712, 110566691, 110566606, 110574734, 110566767, 110566793, 110566670, 110574714, 110566685, 110574736, 110566824, 110566821, 110566690, 110566701, 110566751, 110566805, 110574699, 110566744, 110566743, 110566741, 110574735, 110566797, 110566774, 110566433, 110566626, 110566781, 110566822, 110566758, 110566704, 110566766, 110566814, 110574741, 110566716, 110566858, 110566523, 110566505, 110566938, 110566563, 110566400, 110566402, 110567058, 110567073, 110566477, 110566952, 110567044, 110566985, 110567114, 110567041, 110566472, 110574760, 110566641, 110566638, 110566650, 110566674, 110567082, 110566450, 110566977, 110566963, 110566983, 110566613, 110566609, 110566589, 110567051, 110567056, 110567035, 110566471, 110566449, 110566555, 110574702, 110566665, 110566673, 110566862, 110567135, 110566485, 110567013, 110566439, 110566686, 110566495, 110566546, 110566740, 110567054, 110567059, 110567064, 110566966, 110566946, 

Shuppin: 

1020, 9600, 5175, 3044, 3087, 3137, 5110, 1013, 9572, 3051, 3142, 9031, 9575, 9576, 9543, 9611, 5009, 5100, 6002, 1043, 9039, 5020, 5063, 5039, 1024, 5159, 5075, 9037, 5030, 5028, 5029, 6023, 5076, 5088, 5139, 9542, 8565, 4011, 3099, 5018, 9027, 5144, 3094, 3114, 5019, 3148, 3021, 5047, 5079, 5171, 5118, 5086, 5191, 5049, 5150, 3041, 5089, 3066, 9590, 9021, 3195, 2034, 2012, 2032, 8552, 8528, 1042, 3124, 3026, 5134, 5102, 9577, 3019, 9623, 3181, 3075, 5056, 5146, 5015, 5042, 5101, 7051, 3080, 9602, 9625, 1006, 9597, 9560, 9538, 9568, 1030, 3165, 3060, 3156, 9026, 3033, 8525, 3034, 8517, 4042, 5120, 5007, 9010, 3031, 3139, 3207, 5125, 7038, 3174, 6015, 3064, 2021, 2020, 4025, 9029, 4009, 3030, 2062, 3048, 2042, 3068, 2035, 3186, 8549, 9614, 2027, 2061, 3200, 9055, 9023, 3037, 4031, 5097, 5048, 5077, 6004, 9630, 9506, 9539, 5065, 3136, 5138, 9019, 3090, 5095, 7059, 7049, 7017, 7066, 7009, 7063, 3175, 7004, 7040, 6005, 7008, 7053, 7042, 7067, 7026, 7030, 5036, 3129, 4036, 7061, 7052, 7005, 7039, 3192, 5041, 5034, 8566, 9544, 9516, 3057, 9521, 9547, 9565, 9616, 5182, 4008, 9043, 4033, 1033, 1031, 3056, 3069, 4007, 5169, 1029, 5123, 5005, 9591, 9018, 3117, 5162, 5124, 5149, 3183, 5003, 5087, 3027, 3182, 5116, 5059, 5114, 5113, 3109, 3108, 5155, 9570, 4003, 3134, 5002, 3149, 5131, 5094, 5126, 4021, 3146, 4040, 5142, 5163, 5160, 5001, 5014, 5074, 5140, 3058, 5067, 5064, 5062, 5132, 5130, 5103, 1045, 3177, 5112, 5161, 5083, 5017, 5093, 5151, 5165, 5031, 6014, 3042, 3020, 8505, 3093, 1003, 1005, 9526, 9545, 2053, 8521, 9510, 8564, 9594, 9505, 2045, 9057, 3197, 3194, 3208, 4027, 9556, 2019, 8554, 8534, 8562, 3159, 3153, 3128, 9517, 9524, 9060, 2044, 2018, 3083, 3079, 4016, 4026, 6020, 9621, 2063, 9032, 2005, 4041, 3008, 3071, 5061, 9522, 9527, 9534, 8539, 8515, 
-------------------------------------------------------------
Image Show No Foto:
No issues
-------------------------------------------------------------
No Auction Sheet:
No issues
-------------------------------------------------------------
