#############################################################
USS FUKUOKA Errors: 

Data Collection lasted for 8 minutes and 42.1 seconds.
Error checking completed within 0.0 seconds.
Finished checking on Tuesday, 19. March 2019 11:13PM 
#############################################################
Japanese Characters:
No issues
-------------------------------------------------------------
Unknown Year/Make/Model:
No issues
-------------------------------------------------------------
Unknown Chassis Prefix:
No issues
-------------------------------------------------------------
No Transmission/Color/Fuel Type:
No issues
-------------------------------------------------------------
No Equipment:
No issues
-------------------------------------------------------------
Missing Yor:
No issues
-------------------------------------------------------------
No Yor Image:
110567376, 110569643, 110569717, 110569640, 110569820, 110567192, 110567505, 110564613, 110569715, 110567956, 110569726, 110569641, 110569822, 110576211, 110569817, 110569709, 110567600, 110569725, 110567515, 110570147, 110564597, 110564614, 110567305, 110567385, 110564622, 110567387, 110567951, 110567944, 110564574, 110570094, 110567168, 110567957, 110576223, 110569612, 110576327, 110569718, 110567596, 110576232, 110569724, 110569818, 110576298, 110569772, 110576294, 110569653, 110569789, 110569716, 110569645, 110569821, 110569639, 110569647, 110567995, 110576219, 110567487, 110567307, 110567312, 110569580, 110569747, 110569730, 110569799, 110569756, 110567676, 110567716, 110576317, 110569783, 110567331, 110576209, 110567627, 110567763, 110567153, 110576182, 110576236, 110576214, 110569691, 110567327, 110567529, 110569708, 110567537, 110576212, 110567568, 110567159, 110576224, 110576328, 110576316, 110576323, 110569629, 110567453, 110567943, 110570252, 110576221, 110570198, 110567710, 110574685, 110564616, 110567711, 110567970, 110569812, 110567205, 110576321, 110574673, 110567599, 110567569, 110567651, 110576228, 110576226, 110574686, 110569624, 110567411, 110570260, 110569722, 110576181, 110569816, 110567574, 110567696, 110567620, 110576329, 110567968, 110568001, 110570112, 110567449, 110567712, 110574682, 110567276, 110567150, 110567963, 110564561, 110567418, 110567253, 110567522, 110574668, 110570206, 110576225, 110576318, 110576218, 110574681, 110567847, 110567510, 110576314, 110567415, 110567523, 110567490, 110567392, 110576262, 110564547, 110567507, 110569630, 110567437, 110564483, 110567686, 110570123, 110567332, 110570223, 110568007, 110574677, 110567966, 110567628, 110567857, 110564607, 110567931, 110567939, 110574692, 110567645, 110570095, 110564599, 110564595, 110564520, 110569631, 110567609, 110567977, 110574659, 110567972, 110570173, 110576217, 110567618, 110567591, 110567720, 110567679, 110567607, 110567581, 110576320, 110569625, 110574640, 110576301, 110567864, 110567647, 110567345, 110567361, 110567657, 110567802, 110567252, 110564600, 110570186, 110576243, 110569667, 110567701, 110567721, 110570192, 110564454, 110570159, 110574688, 110576280, 110567851, 110567859, 110567898, 110568020, 110567659, 110570264, 110567275, 110567472, 110576186, 110567475, 110567391, 110567350, 110569632, 110570148, 110568014, 110567848, 110568017, 110569628, 110567915, 110570231, 110570174, 110574689, 110576274, 110568015, 110569811, 110576291, 110567708, 110576326, 110570117, 110567521, 110564586, 110564526, 110576281, 110564511, 110564463, 110564467, 110567403, 110567398, 110567352, 110567243, 110564609, 110576174, 110564606, 110567395, 110567468, 110567962, 110567709, 110567786, 110567399, 110567611, 110567412, 110567407, 110567543, 110569621, 110567697, 110569619, 110569622, 110569618, 110567759, 110569750, 110569743, 110569767, 110569802, 110569805, 110569798, 110569830, 110569760, 110569712, 110569758, 110569744, 110569766, 110569678, 110569751, 110569753, 110569770, 110569696, 110569673, 110569681, 110569662, 110569669, 110570227, 110570246, 110569768, 110569769, 110569761, 110569762, 110569775, 110570244, 110569700, 110570241, 110570243, 110569603, 110569605, 110569742, 110569776, 110569745, 110569736, 110569754, 110569698, 110569644, 110569671, 110569672, 110569702, 110569697, 110569656, 110569784, 110569735, 110569694, 110569695, 110569705, 110569727, 110569796, 110570242, 110576246, 110570229, 110570248, 110570240, 110569685, 110569665, 110569711, 110569663, 110569687, 110569688, 110569703, 110569704, 110569680, 110569670, 110569657, 110569693, 110569737, 110569759, 110569785, 110569719, 110569720, 110569677, 110569679, 110569777, 110569778, 110569786, 110569787, 110569788, 110569658, 110569793, 110569752, 110570239, 110570253, 110574678, 110574676, 110567983, 110569636, 110569800, 110569607, 110570228, 110567703, 110569782, 110569721, 110569779, 110569713, 110569606, 110569609, 110569610, 110569659, 110569649, 110569664, 110569794, 110569746, 110567820, 110564608, 110567793, 110574644, 110567428, 110564516, 110564611, 110567789, 110567349, 110564593, 110567494, 110567434, 110567516, 110576229, 110564471, 110567728, 110567167, 110567317, 110567637, 110567571, 110567950, 110567841, 110564625, 

Shuppin: 

2514, 5184, 5274, 5181, 5398, 1054, 373, 86, 5272, 7034, 5285, 5182, 5401, 4297, 5395, 5264, 4078, 5284, 385, 272, 68, 87, 2028, 2524, 96, 2526, 7027, 7018, 42, 1026, 1024, 7035, 4312, 5147, 9115, 5275, 4073, 5036, 5283, 5396, 7045, 5342, 7038, 5196, 5361, 5273, 5186, 5400, 5180, 5188, 9048, 4307, 351, 2032, 2037, 5106, 5313, 5291, 5374, 5324, 4162, 4215, 9101, 5354, 2061, 4294, 4107, 4267, 1007, 2077, 5146, 4301, 5242, 2057, 4003, 5263, 4011, 4299, 4045, 1013, 4313, 9116, 9100, 9108, 5166, 316, 7017, 5365, 4310, 454, 4205, 7021, 89, 4206, 9017, 5390, 1071, 9106, 5167, 4077, 4046, 4135, 4319, 4315, 7031, 5161, 281, 9013, 5281, 2074, 5394, 4050, 4184, 4100, 9117, 9015, 9055, 146, 310, 4208, 59, 1156, 1002, 9008, 27, 288, 1129, 394, 4213, 5003, 4314, 9103, 4305, 58, 5018, 380, 9097, 285, 395, 354, 259, 542, 21, 375, 5169, 3011, 139, 4173, 2008, 2062, 5113, 9063, 5189, 9011, 4110, 5028, 79, 7002, 7012, 9080, 4128, 1036, 71, 66, 182, 5170, 4088, 9026, 4153, 9019, 4054, 4304, 4096, 4069, 4219, 4167, 4084, 4059, 9105, 5162, 102, 9079, 5034, 413, 227, 247, 4140, 462, 1128, 72, 422, 523, 5214, 4193, 4220, 4258, 106, 37, 80, 551, 5021, 503, 5074, 9078, 4144, 9046, 1155, 337, 25, 340, 258, 232, 5171, 279, 9072, 5019, 9075, 5165, 5093, 5222, 4065, 9057, 5440, 9073, 5389, 7020, 4202, 9114, 168, 393, 56, 188, 552, 172, 117, 120, 271, 265, 236, 1117, 82, 15, 78, 262, 332, 9007, 4204, 442, 266, 409, 282, 276, 4017, 5158, 4187, 5154, 5159, 5153, 4263, 5316, 5307, 5337, 5379, 5382, 5373, 5409, 5328, 5269, 5326, 5308, 5336, 5227, 5317, 5319, 5340, 5249, 5220, 5230, 5207, 5216, 5134, 5310, 5338, 5339, 5329, 5330, 5346, 5300, 5253, 5288, 5299, 5136, 5138, 5306, 5347, 5309, 5297, 5320, 5251, 5185, 5218, 5219, 5257, 5250, 5199, 5356, 5296, 5247, 5248, 5260, 5286, 5370, 5289, 5266, 5200, 5333, 5278, 5236, 5210, 5268, 5208, 5238, 5239, 5258, 5259, 5229, 5217, 5202, 5246, 5298, 5327, 5357, 5276, 5279, 5226, 5228, 5348, 5349, 5358, 5359, 5360, 5203, 5367, 5318, 5277, 5366, 5190, 5179, 9032, 5175, 5375, 5140, 5135, 4195, 5353, 5280, 5350, 5270, 5139, 5142, 5143, 5204, 5192, 5209, 5368, 5312, 484, 8, 451, 1058, 299, 177, 84, 447, 231, 64, 360, 3008, 386, 4321, 126, 4229, 1023, 2044, 412, 4048, 7026, 5010, 99, 
-------------------------------------------------------------
Image Show No Foto:
No issues
-------------------------------------------------------------
No Auction Sheet:
No issues
-------------------------------------------------------------
