#############################################################
USS SAPPORO Errors: 

Data Collection lasted for 10 minutes and 8.0 seconds.
Error checking completed within 0.1 seconds.
Finished checking on Tuesday, 19. March 2019 11:45PM 
#############################################################
Japanese Characters:
No issues
-------------------------------------------------------------
Unknown Year/Make/Model:
110564236, 110559447, 

Shuppin: 

6513, 6507, 
-------------------------------------------------------------
Unknown Chassis Prefix:
No issues
-------------------------------------------------------------
No Transmission/Color/Fuel Type:
110560694, 110576872, 110564236, 110559447, 

Shuppin: 

9149, 6514, 6513, 6507, 
-------------------------------------------------------------
No Equipment:
No issues
-------------------------------------------------------------
Missing Yor:
No issues
-------------------------------------------------------------
No Yor Image:
110559837, 110559803, 110577153, 110560758, 110560030, 110554804, 110575046, 110554660, 110559990, 110559967, 110577213, 110559853, 110554280, 110560214, 110553873, 110575205, 110554382, 110574816, 110575104, 110562217, 110553382, 110564391, 110554057, 110554395, 110560180, 110560399, 110574523, 110560372, 110574524, 110560322, 110553201, 110560727, 110554328, 110554430, 110574494, 110554454, 110575144, 110555256, 110574397, 110560274, 110574581, 110560619, 110574617, 110575224, 110553081, 110560273, 110559998, 110554639, 110555304, 110555285, 110574986, 110554812, 110554712, 110559946, 110559969, 110575207, 110560347, 110564444, 110553035, 110559861, 110559852, 110554097, 110559860, 110575118, 110559831, 110562205, 110553854, 110575097, 110554091, 110559825, 110555204, 110564403, 110553938, 110555169, 110559839, 110559949, 110554186, 110553106, 110554803, 110560009, 110559955, 110559832, 110574995, 110560694, 110555122, 110562211, 110564327, 110564399, 110564395, 110559849, 110576872, 110560755, 110559843, 110559854, 110559964, 110559962, 110576901, 110559959, 110560166, 110568470, 110553419, 110559951, 110564410, 110562207, 110560024, 110554103, 110555293, 110575037, 110554851, 110559981, 110574989, 110559829, 110574985, 110559840, 110562213, 110559944, 110554810, 110559972, 110559835, 110562210, 110559844, 110574990, 110559863, 110577157, 110575053, 110559954, 110575218, 110553057, 110554305, 110559748, 110559890, 110554667, 110553280, 110553849, 110554231, 110553319, 110560400, 110560623, 110555191, 110560375, 110553841, 110560151, 110560533, 110553554, 110574429, 110560742, 110553992, 110553306, 110560187, 110554386, 110574431, 110554039, 110553982, 110559857, 110559856, 110559961, 110559447, 110558644, 110574373, 110554682, 110574497, 110555281, 110555280, 110575049, 110553855, 110577202, 110553941, 110559760, 110553990, 110574502, 110553698, 110574966, 110574370, 110560738, 110554653, 110564370, 110559675, 110558718, 110558685, 110559626, 110574382, 110558782, 110559568, 110564376, 110564130, 110562204, 110559810, 110559579, 110559595, 110574952, 110554828, 110554229, 110560242, 110564303, 110555213, 110553070, 110558666, 110553717, 110553254, 110553123, 110553829, 110554644, 110558927, 110553989, 110553984, 110553827, 110575102, 110554021, 110553689, 110553337, 110577094, 110553050, 110562221, 110554969, 110553993, 110577168, 110558910, 110555091, 110574773, 110559922, 110553957, 110558631, 110554193, 110555093, 110564436, 110554763, 110564313, 110558891, 110554784, 110559782, 110558690, 110564435, 110558806, 110575014, 110574959, 110554869, 110558780, 110577249, 110559767, 110558726, 110553087, 110555063, 110574435, 110554179, 110558826, 110554736, 110560651, 110559895, 110564182, 110560760, 110576879, 110564431, 110564159, 110558749, 110555165, 110564178, 110554063, 110554114, 110555138, 110554185, 110554073, 110554081, 110560624, 110560682, 110554501, 110553998, 110553127, 110574764, 110559997, 110553995, 110558941, 110554912, 110560730, 110558900, 110560677, 110574768, 110558622, 110558947, 110574536, 110554173, 110576874, 110559902, 110559645, 110558890, 110577155, 110558711, 110554744, 110564392, 110574929, 110564348, 110553536, 110575123, 110553219, 110554345, 110560058, 110560538, 110560213, 110560243, 110560409, 110553214, 110574553, 110553094, 110554717, 110576903, 110574412, 110554917, 110559502, 110553929, 110554716, 110559565, 110577146, 110554064, 110559671, 110554174, 110553944, 110554791, 110577095, 110553861, 110577176, 110562232, 110558899, 110559799, 110558649, 110558895, 110555067, 110554927, 110574489, 110559643, 110555056, 110558776, 110574799, 110577063, 110560751, 110559773, 110564146, 110555188, 110554951, 110558943, 110558944, 110554755, 110558619, 110559729, 110555224, 110554928, 110558702, 110558811, 110554876, 110554816, 110558878, 110558808, 110558828, 110554958, 110558763, 110564331, 110558812, 110554825, 110577165, 110558879, 110553440, 110574565, 110576923, 110560382, 110553164, 110574838, 110553394, 110560558, 110553366, 110558783, 110553968, 110554872, 110554680, 110554232, 110553491, 110560235, 110575069, 110554376, 110553434, 110553783, 110553812, 110575026, 110554833, 110555287, 110577151, 110554991, 110574765, 110558843, 110574999, 110558717, 110558721, 110558846, 110576908, 110558832, 110564138, 110554118, 110554462, 110554201, 110560410, 110553526, 110553299, 110553997, 110554024, 110574407, 110555230, 

Shuppin: 

74019, 72066, 72021, 9222, 8049, 77068, 8037, 1036, 8042, 8032, 8055, 74036, 85329, 85821, 312, 85985, 85452, 1107, 8054, 74069, 85033, 77598, 511, 85468, 85778, 86047, 80316, 86013, 80317, 85953, 80198, 9186, 85386, 85509, 80152, 85539, 80602, 937, 1167, 85893, 85312, 9066, 85533, 86095, 80056, 85892, 80427, 1013, 992, 969, 74004, 77078, 726, 8006, 8034, 85996, 85982, 977, 80003, 74044, 74035, 562, 74043, 8056, 74011, 74056, 290, 8053, 555, 74005, 874, 8004, 382, 829, 74021, 8010, 665, 80088, 77067, 8044, 8018, 74012, 74080, 9149, 77467, 74062, 77118, 77608, 77603, 74032, 6514, 9219, 74025, 74037, 8029, 8027, 74026, 8022, 85761, 9269, 85078, 8012, 9170, 74058, 80466, 568, 979, 77616, 77124, 8041, 74073, 74009, 74003, 74022, 74065, 8002, 77076, 8039, 74017, 74061, 74027, 74074, 74046, 74075, 8047, 8017, 86051, 80027, 85358, 72001, 77475, 20008, 80296, 286, 85271, 80347, 86048, 9072, 858, 86016, 277, 85745, 86203, 85248, 274, 9204, 440, 80329, 85788, 85458, 285, 491, 430, 74040, 74039, 8024, 6507, 10060, 1081, 687, 80173, 964, 963, 80429, 291, 8052, 386, 72016, 438, 802, 125, 71058, 1076, 9198, 1028, 77569, 70258, 10148, 10106, 70206, 1121, 10222, 70137, 77578, 10191, 72088, 72073, 70150, 70170, 70351, 77098, 85268, 85855, 714, 885, 80043, 10086, 146, 80263, 80107, 264, 1018, 1152, 437, 432, 261, 80537, 47, 115, 80369, 1094, 80019, 77007, 77266, 441, 77348, 10373, 77427, 10125, 77510, 400, 10043, 674, 77429, 9265, 77016, 77029, 10352, 77043, 72042, 10111, 9264, 10251, 77458, 70359, 77146, 10220, 9248, 72025, 10156, 80063, 77388, 307, 657, 10275, 754, 9106, 77480, 483, 9226, 70316, 9256, 4001, 10184, 825, 461, 519, 580, 792, 664, 531, 542, 9073, 9136, 88, 446, 80112, 10014, 80426, 443, 2004, 77199, 9189, 10361, 9131, 10047, 10032, 2012, 80373, 650, 692, 77488, 70226, 10351, 72077, 10139, 764, 77599, 70129, 77541, 85226, 80573, 80219, 85407, 85630, 86210, 85818, 85856, 86059, 80212, 85038, 80071, 731, 77128, 1187, 77203, 70057, 374, 730, 70134, 70315, 52, 70254, 651, 389, 77053, 1104, 299, 77614, 922, 10360, 72062, 10065, 10356, 77395, 77215, 801, 70224, 77378, 10216, 1073, 10080, 9215, 72031, 2017, 853, 77245, 2008, 2009, 77006, 10029, 71029, 898, 77218, 10128, 10258, 77155, 77082, 10339, 10253, 10277, 77253, 10199, 77305, 10259, 77093, 77195, 10340, 85105, 85115, 85808, 86025, 80154, 306, 85047, 86235, 85008, 10225, 412, 77149, 685, 85272, 85172, 85846, 80492, 85446, 85097, 215, 247, 77576, 77102, 971, 71074, 77292, 10015, 10295, 77095, 10145, 10151, 10298, 77151, 10282, 1033, 586, 85550, 684, 86060, 85211, 80319, 445, 474, 1180, 906, 
-------------------------------------------------------------
Image Show No Foto:
No issues
-------------------------------------------------------------
No Auction Sheet:
No issues
-------------------------------------------------------------
