#############################################################
UMAX KOBE Errors: 

Data Collection lasted for 5 minutes and 14.5 seconds.
Error checking completed within 0.0 seconds.
Finished checking on Thursday, 11. April 2019 10:59PM 
#############################################################
No Main Image:
No issues
-------------------------------------------------------------
Japanese Characters:
111138676, 111113680, 111113761, 111104724, 111113880, 111113757, 111104842, 111104771, 111098935, 111138620, 111113739, 111138619, 111138642, 111104760, 111098958, 111138613, 111138649, 111098886, 111098916, 111104827, 111113762, 111099806, 111113764, 111138806, 111113790, 111104878, 111128047, 111128064, 111104916, 111128023, 111104932, 111113853, 111104970, 111128041, 111099172, 111099158, 111128022, 111104972, 111138904, 111104866, 111138705, 111138817, 111104908, 111138754, 111104902, 111099130, 111128087, 111128027, 111104966, 111099050, 111099151, 111113854, 111099168, 111104942, 111138957, 111138784, 111113869, 111099058, 111099127, 111138924, 111099084, 111138953, 111104861, 111138852, 111138900, 111104938, 111099110, 111138765, 111099065, 111138713, 111138692, 111138703, 111138718, 111104868, 111138805, 111138836, 111104882, 111138830, 111104887, 111138770, 111104895, 111138853, 111099078, 111113813, 111128057, 111099103, 111104956, 111099093, 111128118, 111099178, 111128113, 111099162, 111138964, 111128091, 111099048, 111138793, 111099173, 111138792, 111138785, 111128076, 111113868, 111138701, 111099068, 111138815, 111138750, 111128063, 111128059, 111104871, 111138960, 111128031, 111113845, 111138897, 111128117, 111104896, 111138911, 111104862, 111099040, 111098937, 111104891, 111099156, 111099079, 111139005, 111138665, 111113752, 111098965, 111138655, 111104743, 111138680, 111098933, 111104853, 111104758, 111138723, 111098955, 111098939, 111104805, 111138735, 111138734, 111113753, 111104800, 111113770, 111138772, 111138908, 111098974, 111113765, 111099187, 111138702, 111138719, 111099008, 111138886, 111098980, 111113824, 111104925, 111099176, 111138757, 111138885, 111113783, 111104962, 111138928, 111099143, 111113802, 111138871, 111138866, 111113771, 111128055, 111098988, 111128093, 111113775, 111138867, 111099010, 111138844, 111098985, 111138902, 111113817, 111138929, 111138901, 111113797, 111113825, 111098977, 111099034, 111098978, 111104897, 111099146, 111113826, 111128080, 111138717, 111138684, 111138706, 111138710, 111113836, 111098979, 111138768, 111113810, 111138828, 111098995, 111113833, 111113794, 111138890, 111098975, 111138850, 111139000, 111138686, 111138773, 111138688, 111138691, 111128037, 111113867, 111099175, 111128102, 111138857, 111099052, 111113805, 111099188, 111138940, 111104899, 111104863, 111138889, 111113777, 111128028, 111138932, 111138788, 111138761, 111138863, 111128049, 111104886, 111113799, 111128054, 111113859, 111113839, 111099128, 111104923, 111138851, 111138894, 111113792, 111138709, 111098961, 111128100, 111113818, 111138746, 111113671, 111098876, 111098907, 111104765, 111098963, 111098966, 111127960, 111113706, 111104753, 111138660, 111104839, 111104785, 111113759, 111113725, 111138647, 111113694, 111113693, 111104835, 111138630, 111113710, 111128000, 111128002, 111104850, 111113726, 111098888, 111138632, 111113684, 111104789, 111113724, 111104841, 111104734, 111113692, 111098889, 111104741, 111104831, 111104782, 111113685, 111113705, 111098957, 111138970, 111113720, 111098948, 111098970, 111138663, 111127993, 111138666, 111138966, 111104768, 111138661, 111104838, 111127973, 111138616, 111138993, 111113881, 111138633, 111104849, 111113681, 111138651, 111104775, 111098929, 111098940, 111104829, 111098941, 111138644, 111099081, 111099096, 111128107, 111104812, 111113746, 111113700, 111128012, 111138971, 111127977, 111138621, 111104832, 111104845, 111104802, 111113702, 111127979, 111098892, 111113670, 111098938, 111113731, 111104801, 111098971, 111113689, 111098902, 111138625, 111098946, 111113740, 111104814, 111113754, 111104811, 111113745, 111098906, 111127986, 111113729, 111138636, 111138624, 111113698, 111098893, 111113755, 111099035, 111104939, 111099025, 111138990, 111113714, 111104738, 111113695, 111138617, 111104747, 111098967, 111127972, 111138988, 111104783, 111104834, 111104748, 111113747, 111098972, 111138727, 111138724, 111138994, 111138726, 111138722, 111104804, 111138728, 111138982, 111138721, 111113748, 111104772, 111104830, 111113679, 111127969, 111138626, 111104763, 111138752, 111138856, 111138669, 111098909, 111099074, 111099033, 111138873, 111098992, 111104874, 111138811, 111113823, 111113763, 111138875, 111099011, 111098989, 111138776, 111138915, 111138916, 111128114, 111138999, 111113808, 111113780, 111099024, 111138699, 111138946, 111128044, 111099113, 111128048, 111099075, 111099095, 111099073, 111138913, 111113829, 111104954, 111099007, 111099186, 111138961, 111138927, 111113798, 111098983, 111138903, 111138912, 111099001, 111113795, 111128097, 111128092, 111113811, 111138891, 111098993, 111113801, 111113830, 111138840, 111138711, 111138777, 111138846, 111138847, 111138798, 111113814, 111099064, 111138797, 111099088, 111099056, 111099182, 111104894, 111138996, 111138918, 111138878, 111138760, 111138884, 111138862, 111138833, 111113766, 111138926, 111099014, 111113778, 111099031, 111113841, 111138812, 111138803, 111128111, 111138950, 111099019, 111099117, 111099102, 111104951, 111104880, 111138930, 111099072, 111138855, 111139004, 111138939, 111128020, 111138910, 111138931, 111138831, 111138821, 111099038, 111104905, 111138827, 111104960, 111099180, 111128046, 111138810, 111099138, 111099098, 111099163, 111099060, 111138864, 111138837, 111138909, 111138820, 111104910, 111099160, 111128121, 111104898, 111104877, 111104890, 111128086, 111104929, 111104946, 111104940, 111104912, 111099111, 111128081, 111099181, 111099183, 111104967, 111138923, 111138807, 111104931, 111138881, 111099047, 111128075, 111113848, 111138858, 111128019, 111099140, 111113860, 111098987, 111128043, 111099124, 111138997, 111128014, 111113786, 111099159, 111113785, 111138905, 111139001, 111099037, 111099021, 111113784, 111113782, 111128096, 111138861, 111138832, 111138896, 111104914, 111099166, 111138808, 111099170, 111138845, 111138782, 111099067, 111113822, 111104885, 111104958, 111128094, 111104888, 111104919, 111099032, 111098982, 111138876, 111099002, 111138759, 111138879, 

Shuppin: 

1476, 1269, 1355, 1110, 6007, 1351, 1240, 1161, 1067, 1420, 1332, 1419, 1442, 1148, 1092, 1413, 1449, 1012, 1046, 1225, 1356, 1114, 3052, 3613, 3078, 3286, 3475, 3492, 3326, 3451, 3342, 3422, 3381, 3469, 3252, 3238, 3450, 3383, 3712, 3274, 2024, 3624, 3317, 3559, 3311, 3210, 3516, 3455, 3377, 3128, 3231, 3423, 3248, 3352, 6521, 3591, 3439, 3136, 3207, 3732, 3163, 6517, 3269, 3660, 3708, 3348, 3189, 3571, 3143, 2032, 2011, 2022, 2037, 3276, 3612, 3644, 3290, 3637, 3295, 3577, 3304, 3661, 3157, 3296, 3485, 3182, 3366, 3172, 3547, 3258, 3542, 3242, 6528, 3520, 3126, 3600, 3253, 3599, 3592, 3504, 3438, 2020, 3147, 3622, 3555, 3491, 3487, 3279, 6524, 3459, 3414, 3705, 3546, 3305, 3719, 3270, 3118, 1069, 3300, 3236, 3158, 7041, 1465, 1346, 1099, 1455, 1130, 1480, 1065, 1251, 1146, 2044, 1089, 1071, 1200, 2056, 2055, 1347, 1194, 3058, 3579, 3716, 3002, 3053, 3267, 2021, 2038, 3037, 3694, 3008, 3393, 3335, 3256, 3562, 3693, 3071, 3373, 3736, 3223, 3090, 3679, 3674, 3059, 3483, 3016, 3522, 3063, 3675, 3039, 3652, 3013, 3710, 3386, 3737, 3709, 3085, 3394, 3005, 3112, 3006, 3306, 3226, 3395, 3509, 2036, 2003, 2025, 2029, 3405, 3007, 3574, 3098, 3635, 3023, 3402, 3082, 3698, 3003, 3658, 7036, 2005, 3580, 2007, 2010, 3465, 3437, 3255, 3531, 3665, 3130, 3093, 3268, 6504, 3308, 3271, 3697, 3065, 3456, 3740, 3595, 3567, 3671, 3477, 3294, 3087, 3482, 3428, 3408, 3208, 3333, 3659, 3702, 3080, 2028, 1095, 3529, 3387, 3549, 1258, 1002, 1036, 1153, 1097, 1100, 1357, 1298, 1141, 1460, 1237, 1177, 1353, 1318, 1447, 1285, 1284, 1233, 1430, 1302, 1398, 1400, 1248, 1319, 1014, 1432, 1274, 1181, 1317, 1239, 1121, 1283, 1015, 1128, 1229, 1174, 1275, 1297, 1091, 7006, 1312, 1081, 1104, 1463, 1391, 1466, 7002, 1157, 1461, 1236, 1370, 1416, 7029, 6008, 1433, 1247, 1270, 1451, 1167, 1061, 1072, 1227, 1073, 1444, 3160, 3175, 3536, 1207, 1340, 1292, 1411, 7007, 1375, 1421, 1230, 1243, 1197, 1294, 1377, 1019, 1221, 1070, 1324, 1196, 1105, 1279, 1031, 1425, 1078, 1333, 1209, 1348, 1206, 1339, 1035, 1384, 1322, 1436, 1424, 1290, 1021, 1349, 3113, 3349, 3103, 7026, 1306, 1125, 1286, 1417, 1135, 1101, 1369, 7024, 1175, 1232, 1136, 1341, 1106, 2048, 2045, 7030, 2047, 2042, 1199, 2049, 7018, 2041, 1342, 1163, 1228, 1268, 1366, 1426, 1151, 3557, 3664, 1469, 1039, 3153, 3111, 3681, 3020, 3282, 3618, 3392, 3001, 3683, 3040, 3017, 3583, 3723, 3724, 3543, 7035, 3096, 3068, 3102, 2018, 6510, 3472, 3192, 3476, 3154, 3174, 3152, 3721, 3398, 3364, 3036, 3266, 6525, 3735, 3086, 3011, 3711, 3720, 3029, 3083, 3526, 3521, 3099, 3699, 3021, 3089, 3399, 3648, 2030, 3584, 3654, 3655, 3605, 3320, 3142, 3604, 3167, 3134, 3262, 3303, 7032, 3726, 3686, 3566, 3692, 3670, 3640, 3054, 3734, 3043, 3066, 3109, 3410, 3619, 3610, 3540, 6514, 3048, 3197, 3181, 3361, 3288, 3738, 3151, 3663, 7040, 6503, 3447, 3718, 3739, 3638, 3628, 3116, 3314, 3634, 3371, 3260, 3474, 3617, 3218, 3177, 3243, 3138, 3672, 3645, 3717, 3627, 3319, 3240, 3563, 3307, 3285, 3299, 3515, 3339, 3356, 3350, 3322, 3190, 3510, 3261, 3263, 3378, 3731, 3614, 3341, 3689, 3125, 3503, 3417, 3666, 3446, 3220, 3429, 3015, 3471, 3204, 7033, 3441, 3074, 3239, 3073, 3713, 7037, 3115, 3050, 3072, 3070, 3525, 3669, 3639, 3704, 3324, 3246, 3615, 3250, 3653, 3589, 3146, 3391, 3293, 3369, 3523, 3297, 3329, 3110, 3010, 3684, 3030, 3565, 3687, 
-------------------------------------------------------------
Unknown Year/Make/Model:
111138639, 111099135, 111128047, 111138703, 111138718, 111139005, 111099102, 111104951, 111128061, 

Shuppin: 

1439, 3215, 3475, 2022, 2037, 7041, 3181, 3361, 3489, 
-------------------------------------------------------------
Unknown Chassis Prefix:
No issues
-------------------------------------------------------------
No Transmission/Color/Fuel Type:
111138639, 111099135, 111128060, 111113764, 111128047, 111099050, 111138703, 111138718, 111128031, 111104907, 111104862, 111139005, 111113783, 111104962, 111138929, 111113689, 111138856, 111104809, 111099006, 111099148, 111104874, 111138895, 111113811, 111128071, 111099117, 111099102, 111128061, 111099037, 

Shuppin: 

1439, 3215, 3488, 3052, 3475, 3128, 2022, 2037, 3459, 3316, 3270, 7041, 3071, 3373, 3737, 1279, 3664, 1204, 3035, 3228, 3282, 3703, 3099, 3499, 3197, 3181, 3489, 3115, 
-------------------------------------------------------------
No Equipment:
No issues
-------------------------------------------------------------
Missing Yor:
No issues
-------------------------------------------------------------
No Yor Image:
No issues
-------------------------------------------------------------
Additional Photos Show 'No Foto':
No issues
-------------------------------------------------------------
No Auction Sheet:
No issues
-------------------------------------------------------------
