#############################################################
USS OSAKA Errors: 

Data Collection lasted for 3 minutes and 4.1 seconds.
Error checking completed within 11 minutes and 6.2 seconds.
Finished checking on Thursday, 11. April 2019 10:24PM 
#############################################################
No Main Image:
No issues
-------------------------------------------------------------
Japanese Characters:
No issues
-------------------------------------------------------------
Unknown Year/Make/Model:
No issues
-------------------------------------------------------------
Unknown Chassis Prefix:
No issues
-------------------------------------------------------------
No Transmission/Color/Fuel Type:
No issues
-------------------------------------------------------------
No Equipment:
No issues
-------------------------------------------------------------
Missing Yor:
No issues
-------------------------------------------------------------
No Yor Image:
111139615, 111143004, 111139708, 111139493, 111142856, 111139498, 111139687, 111143006, 111139610, 111139602, 111142999, 111133199, 111138132, 111138585, 111133205, 111133037, 111138084, 111133323, 111138588, 111133174, 111137993, 111138125, 111138027, 111138257, 111138008, 111139594, 111142859, 111139541, 111142998, 111133447, 111133311, 111138518, 111142905, 111142913, 111133147, 111138071, 111139696, 111138452, 111133305, 111133087, 111133355, 111138453, 111142940, 111133207, 111138028, 111133439, 111138085, 111133025, 111133229, 111138202, 111142912, 111138103, 111138087, 111133093, 111142952, 111142969, 111138210, 111138019, 111138000, 111138565, 111138449, 111139307, 111138090, 111133200, 111139324, 111142853, 111142849, 111143001, 111139480, 111139596, 111138056, 111138086, 111138185, 111138201, 111138204, 111133412, 111138030, 111138014, 111138012, 111138556, 111137989, 111138079, 111138576, 111138581, 111138018, 111138589, 111138068, 111133112, 111133297, 111133107, 111133368, 111139627, 111139679, 111139608, 111139355, 111138512, 111138553, 111137994, 111138250, 111138244, 111139562, 111133450, 111138015, 111138101, 111133230, 111139503, 111133212, 111138156, 111142866, 111138526, 111138550, 111133284, 111133210, 111133150, 111138005, 111133410, 111133408, 111138223, 111138116, 111133059, 111133073, 111138167, 111138272, 111138312, 111138129, 111133329, 111133165, 111138031, 111138041, 111133317, 111138035, 111133213, 111138043, 111133432, 111133489, 111133247, 111139604, 111138011, 111133298, 111133146, 111139303, 111139553, 111138458, 111142945, 111142923, 111133043, 111133350, 111138038, 111133196, 111138299, 111133078, 111133022, 111133351, 111138504, 111133041, 111138174, 111138060, 111133215, 111133096, 111138527, 111133314, 111133498, 111138265, 111133061, 111133051, 111133075, 111133217, 111139557, 111133269, 111138241, 111139511, 111133237, 111142902, 111139500, 111142933, 111142864, 111139656, 111133307, 111133306, 111133109, 111139570, 111139487, 111142809, 111139258, 111139259, 111139260, 111142965, 111139232, 111139017, 111139243, 111139198, 111139113, 111139401, 111139117, 111139475, 111139261, 111139115, 111139185, 111142784, 111139015, 111139415, 111139009, 111139374, 111139138, 111139083, 111139474, 111139277, 111139393, 111139435, 111133251, 111138505, 111133271, 111143145, 111143141, 111142966, 111142835, 111138245, 111142947, 111133414, 111142922, 111133203, 111133216, 111138238, 111138033, 111138126, 111139533, 111138140, 111138166, 111139282, 111138473, 111133453, 111133130, 111133250, 111133327, 111133141, 111133211, 111133359, 111138482, 111138146, 111138522, 111138220, 111138435, 111138280, 111133185, 111139652, 111139290, 111139635, 111138418, 111133411, 111138441, 111133456, 111142926, 111138399, 111139707, 111133223, 111138414, 111139329, 111138539, 111142874, 111139521, 111138507, 111133160, 111133345, 111133098, 111138591, 111139577, 111138466, 111133440, 111138500, 111133262, 111138098, 111133340, 111138308, 111142840, 111139524, 111138584, 111142833, 111138205, 111138597, 111138586, 111133291, 111133080, 111142959, 111133178, 111133322, 111138313, 111133222, 111133346, 111133187, 111133396, 111139316, 111138465, 111139308, 111139502, 111142942, 111138561, 111138107, 111133302, 111138037, 111138545, 111133268, 111133166, 111133325, 111138468, 111138200, 111138364, 111133023, 111138243, 111133242, 111138388, 111133399, 111142931, 111138407, 111138289, 111138069, 111138578, 111138520, 111133310, 111139631, 111139153, 111143116, 111143044, 111143117, 111139419, 111143040, 111143023, 111139379, 111143057, 111143079, 111143070, 111143052, 111143110, 111143098, 111143045, 111143029, 111139159, 111143067, 111143101, 111143119, 111143043, 111143114, 111139389, 111143102, 111139438, 111143112, 111139540, 111139710, 111139642, 111139628, 111139128, 111139139, 111139216, 111139114, 111139281, 111139385, 111139699, 111139278, 111142880, 111142890, 111139036, 111139253, 111139012, 111139706, 111139470, 111139206, 111139171, 111139022, 111139148, 111139384, 111139472, 111139382, 111139454, 111139451, 111139014, 111133189, 111133333, 111133125, 111139663, 111139685, 111133090, 111139484, 111138215, 111139644, 111139697, 111139711, 111139651, 111139486, 111139478, 111142845, 111142837, 111138097, 111138131, 111142964, 111139387, 111139247, 111139398, 111139157, 111138059, 111138083, 111138058, 

Shuppin: 

6241, 50306, 6385, 6029, 50051, 6036, 6354, 50310, 6229, 6213, 50294, 30057, 20241, 40092, 30067, 125, 20167, 30267, 40097, 30015, 20020, 20230, 20073, 30502, 20044, 6198, 50055, 6109, 50293, 396, 30244, 3456, 50141, 50155, 280, 20146, 6367, 3354, 30232, 196, 30326, 3356, 50199, 30069, 20074, 384, 20169, 11, 30105, 30422, 50153, 20195, 20171, 203, 50219, 50244, 30436, 20061, 20031, 40062, 3350, 3504, 20176, 30059, 3530, 50045, 50039, 50298, 6007, 6201, 20123, 20170, 30393, 30420, 30428, 347, 20080, 20054, 20050, 40047, 20010, 20158, 40079, 40086, 20060, 40098, 20141, 23, 30213, 222, 30352, 6259, 6338, 6225, 3586, 3447, 40043, 20022, 30494, 30484, 6141, 40, 20055, 20193, 30107, 6043, 30077, 30198, 50069, 40001, 40038, 30194, 30074, 284, 20040, 344, 341, 30453, 20215, 158, 176, 30285, 3077, 3139, 20236, 30276, 30002, 20082, 20099, 30256, 20089, 30079, 20104, 374, 55446, 30134, 6217, 20049, 30214, 28, 3496, 6127, 3363, 50207, 50172, 134, 30312, 20093, 30053, 3119, 182, 106, 30314, 3435, 131, 3035, 20129, 30081, 208, 40002, 30252, 65, 3065, 160, 146, 179, 30085, 6133, 30170, 30480, 6060, 30117, 50136, 6039, 50189, 50065, 6304, 30236, 30234, 226, 6155, 6018, 1519, 1422, 1423, 1425, 50238, 1374, 1013, 1393, 1319, 1187, 4054, 1194, 4167, 1427, 1190, 1299, 1477, 1010, 4074, 1001, 4013, 1228, 1124, 4164, 1452, 4042, 4104, 30140, 3436, 30172, 70032, 70026, 50239, 50015, 30486, 50209, 35, 50171, 30063, 30083, 30476, 20085, 20231, 6096, 20253, 3027, 3291, 3386, 42, 254, 30139, 30273, 272, 30075, 30333, 3402, 3003, 3462, 3045, 3327, 3091, 30035, 6298, 3476, 6271, 3302, 346, 3338, 48, 50177, 3270, 6384, 30095, 3294, 3538, 40020, 50083, 6078, 3440, 298, 30303, 210, 40101, 6165, 3375, 386, 3429, 30157, 20188, 30294, 3133, 50022, 6083, 40091, 50010, 30429, 40113, 40093, 30204, 185, 50229, 30023, 30266, 3140, 30093, 30304, 30038, 324, 3518, 3374, 3506, 6042, 50202, 40056, 20201, 30224, 20092, 40031, 30168, 30003, 30270, 3378, 30418, 3218, 107, 30483, 30127, 3254, 329, 50185, 3282, 3104, 20143, 40081, 3459, 30242, 6265, 1251, 60157, 60041, 60159, 4080, 60034, 60007, 4020, 60067, 60101, 60088, 60058, 60148, 60130, 60043, 60016, 1260, 60083, 60135, 60161, 60040, 60154, 4036, 60136, 4109, 60151, 6107, 6388, 6282, 6260, 1212, 1229, 1347, 1188, 1459, 4030, 6372, 1453, 50095, 50117, 1042, 1413, 1006, 6382, 4158, 1332, 1278, 1020, 1243, 4028, 4162, 4025, 4133, 4128, 1008, 30041, 30282, 246, 6314, 6349, 2, 6013, 30442, 6284, 6368, 6390, 6296, 6017, 6005, 50032, 50018, 20187, 20239, 50237, 4032, 1401, 4049, 1257, 20128, 20165, 20127, 
-------------------------------------------------------------
Additional Photos Show 'No Foto':
No issues
-------------------------------------------------------------
No Auction Sheet:
No issues
-------------------------------------------------------------
