#############################################################
USS Sapporo Errors: 

Data Collection lasted for 6 minutes and 54.4 seconds.
Error checking completed within 0.1 seconds.
Finished checking on Wednesday, 18. December 2019 07:54AM 
#############################################################

No Main Image:
No issues
-------------------------------------------------------------
Japanese Characters:
115915103, 115915075, 115915081, 115915235, 115914960, 115914798, 115915012, 115915015, 115915054, 115914805, 115915118, 115914814, 115915000, 115914823, 115914985, 115915021, 115915006, 115914803, 115915090, 115915028, 115914997, 115915067, 115915043, 115914949, 115915063, 115915022, 115915056, 115915055, 115915093, 115915009, 115915061, 115914838, 115915121, 115915053, 115915220, 115914972, 115914941, 115915057, 

Shuppin: 

77379, 74051, 74057, 9108, 692, 35084, 70233, 70236, 723, 35091, 77395, 5314, 70221, 5323, 70206, 70242, 70227, 35089, 77366, 709, 70218, 736, 717, 681, 732, 703, 725, 724, 77369, 70230, 730, 5338, 77398, 722, 9093, 70194, 673, 726, 
-------------------------------------------------------------
Unknown Year/Make/Model:
115894203, 115894715, 115894909, 115895000, 115895073, 115895225, 115895237, 115895238, 115894482, 115894482, 

Shuppin: 

5011, 74019, 77321, 8009, 8018, 8037, 8043, 8044, 6510, 6510, 
-------------------------------------------------------------
Unknown Chassis Prefix:
115915149, 115900242, 115895999, 115896103, 115896190, 115894713, 115894715, 115894724, 115894730, 115894909, 115900144, 115895000, 115895064, 115895073, 115900158, 115895225, 115895237, 115895240, 115895238, 

Shuppin: 

8028, 106, 135, 301, 351, 74016, 74019, 74031, 74040, 77321, 77355, 8009, 8017, 8018, 8036, 8037, 8043, 8046, 8044, 
-------------------------------------------------------------
No Transmission/Color/Fuel Type:
115915149, 115895474, 115900242, 115895999, 115896103, 115896190, 115894713, 115894715, 115894724, 115894730, 115894909, 115900144, 115895000, 115895064, 115895073, 115900158, 115895225, 115895237, 115895240, 115894466, 115914890, 115914904, 115894479, 115894480, 115894482, 115895484, 115894480, 115894482, 115895484, 

Shuppin: 

8028, 9082, 106, 135, 301, 351, 74016, 74019, 74031, 74040, 77321, 77355, 8009, 8017, 8018, 8036, 8037, 8043, 8046, 6057, 6070, 6084, 6505, 6508, 6510, 9505, 6508, 6510, 9505, 
-------------------------------------------------------------
No Equipment:
No issues
-------------------------------------------------------------
Additional Photos Show 'No Foto':
No issues
-------------------------------------------------------------
No Auction Sheet:
No issues
-------------------------------------------------------------
