#############################################################
AucNet AucMon Errors: 

Data Collection lasted for 6 minutes and 36.5 seconds.
Error checking completed within 0.0 seconds.
Finished checking on Monday, 23. September 2019 05:40AM 
#############################################################

No Main Image:
No issues
-------------------------------------------------------------
Japanese Characters:
114215046, 114215685, 114215083, 114206344, 114215582, 114202957, 114215583, 114215579, 114206237, 114206174, 114216068, 114216041, 114205889, 114216209, 114216098, 

Shuppin: 

10023, 25013, 10529, 4418, 20002, 5598, 20003, 19261, 9098, 7778, 29258, 29231, 2048, 34011, 30031, 
-------------------------------------------------------------
Unknown Year/Make/Model:
114216124, 114216126, 114222341, 114216147, 114206149, 114206235, 114216215, 

Shuppin: 

30058, 30060, 30003, 30081, 7408, 9068, 34017, 
-------------------------------------------------------------
Unknown Chassis Prefix:
No issues
-------------------------------------------------------------
No Transmission/Color/Fuel Type:
114237605, 114206147, 114216319, 114215987, 114215571, 114215548, 114215506, 114215564, 114215526, 114215497, 114215525, 114215492, 114215559, 114215543, 114215508, 114215529, 114215431, 114216072, 114215420, 114215084, 114216352, 114216345, 114222345, 114237610, 114237612, 114237611, 114222101, 114237615, 114222099, 114237614, 114222098, 114216338, 114215150, 114216349, 114216174, 114215809, 114216341, 114216351, 114216230, 114222096, 114215810, 114216346, 114216336, 114215212, 114215139, 114222889, 114216159, 114215054, 114216347, 114215597, 114216353, 114216337, 114216350, 114216340, 114216354, 114222890, 114216343, 114222891, 114222103, 114222344, 114222343, 114222100, 114222102, 114216147, 114206149, 114206235, 114216215, 

Shuppin: 

18015, 7388, 37017, 29177, 19253, 19230, 19188, 19246, 19208, 19179, 19207, 19174, 19241, 19225, 19190, 19211, 19113, 29262, 19102, 10530, 9088, 7708, 33006, 33009, 33011, 33010, 30513, 36022, 30504, 36021, 30503, 5728, 1318, 8518, 3158, 2808, 6138, 8988, 3568, 30013, 2888, 7908, 4898, 1668, 1198, 33001, 3068, 1018, 8318, 2288, 9188, 4948, 8548, 5878, 928, 33002, 6628, 33003, 33007, 33005, 30011, 30511, 32013, 30081, 7408, 9068, 34017, 
-------------------------------------------------------------
No Equipment:
No issues
-------------------------------------------------------------
Additional Photos Show 'No Foto':
No issues
-------------------------------------------------------------
No Auction Sheet:
No issues
-------------------------------------------------------------
