#############################################################
USS Tokyo Errors: 

Data Collection lasted for 39 minutes and 50.9 seconds.
Error checking completed within 0.1 seconds.
Finished checking on Thursday, 14. November 2019 08:35AM 
#############################################################

No Main Image:
No issues
-------------------------------------------------------------
Japanese Characters:
115264752, 115264665, 115264764, 115264644, 115264646, 115264630, 115264996, 115264614, 115264790, 115264792, 115264783, 115264696, 115264758, 115264747, 115264863, 115264648, 115264856, 115264851, 115264883, 115264761, 115264725, 115264724, 115264605, 115264666, 115264700, 115264631, 115264727, 115264738, 115264740, 115264751, 115265079, 115264602, 115264621, 115264861, 115264808, 115264552, 115264999, 115265152, 115264855, 115264676, 115264685, 115264832, 115264836, 115264842, 115264692, 115264689, 115264617, 115264636, 115264610, 115264703, 115264818, 115264695, 115264736, 115264876, 115264699, 115264865, 115264770, 115264820, 115264656, 115264599, 115250926, 115250901, 115250837, 115250830, 115250558, 115250428, 115251173, 115264642, 115264887, 115265109, 115264934, 115264908, 115264860, 115264702, 115264897, 115264088, 115264286, 115265154, 115264270, 115265456, 115264216, 115264291, 115265480, 115264054, 115264050, 115263971, 115265620, 115265570, 115263946, 115263848, 115263964, 115264268, 115263925, 115263547, 115263802, 115264247, 115263917, 115264221, 115264273, 115263811, 115265166, 115264279, 115264023, 115264100, 115263544, 115263935, 115263729, 115263775, 115263638, 115264217, 115264255, 115263860, 115263812, 115264969, 115264237, 115265124, 115264222, 115263840, 115263939, 115264894, 115264715, 115264817, 115264774, 115263748, 115263684, 115265096, 115265038, 115265073, 115263883, 115263732, 115263713, 115263646, 115263706, 115263669, 115263741, 115263737, 115263696, 115263687, 115264995, 115265655, 115265681, 115265252, 115265368, 115264954, 115265373, 115265143, 115265213, 115265688, 115265643, 115265729, 115265208, 115264951, 115265695, 115263805, 115264438, 115263515, 115263469, 115264275, 115264276, 115265394, 115263815, 115265051, 115264259, 115265572, 115264260, 115264254, 115263604, 115265602, 115264582, 115264572, 115264874, 115263952, 115263569, 115264157, 115264988, 115264183, 115264156, 115264982, 115265059, 115264456, 115263551, 115263606, 115264487, 115264504, 115263801, 115265145, 115264593, 115264267, 115265081, 115263483, 115264560, 115264719, 115263478, 115263594, 115264650, 115263702, 115264057, 115264882, 115265388, 115265451, 115264495, 115264484, 115265017, 115263681, 115263705, 115265195, 115263841, 115264117, 115263633, 115263532, 115263911, 115263846, 115263790, 115264509, 115264302, 115264234, 115264055, 115264075, 115263639, 115264458, 115265137, 115263937, 115264481, 115265027, 115265086, 115263969, 115263609, 115263746, 115263672, 115263700, 115264074, 115265115, 115263596, 115265497, 115265464, 115265049, 115263513, 115263597, 115263522, 115264986, 115263836, 115265422, 115265537, 115263525, 115263656, 115263909, 115263901, 115265247, 115263789, 115264044, 115264018, 115263954, 115263571, 115263745, 115263692, 115263644, 115263744, 115263867, 115263650, 115263830, 115263764, 115263724, 115264230, 115264241, 115263981, 115263742, 115263733, 115263667, 115264735, 115263844, 115263788, 115250876, 115250462, 115250334, 115243642, 115250442, 115241396, 115263813, 115264938, 115264798, 115265148, 115264941, 115265685, 115264937, 115265381, 115265374, 115264940, 115265683, 115265654, 115265269, 115265676, 115264961, 115265369, 115265116, 115265035, 115265680, 115265642, 115265672, 115265360, 115265631, 115265715, 115265371, 115265716, 115265645, 115265170, 115265728, 115265268, 115265205, 115265202, 115265709, 115265385, 115265682, 115265015, 115265131, 115264971, 115264387, 115264352, 115265172, 115264394, 115264423, 115264073, 115263561, 115264092, 115265024, 115264079, 115263627, 115263611, 115264098, 115264069, 115263908, 115264891, 115265239, 115264717, 115265517, 115265474, 115265364, 115265663, 115265319, 115265525, 115265504, 115265221, 115265721, 115265064, 115265661, 115265377, 115264962, 115265263, 115264946, 115265719, 115265686, 115265692, 115264577, 115264562, 115264892, 115264574, 115265056, 115264477, 115263578, 115265032, 115265130, 115264531, 115264750, 115263738, 115264012, 115264002, 115263674, 115265383, 115264952, 115264953, 115265379, 115263557, 115263695, 115265461, 115265705, 115265196, 115265443, 115264505, 115265499, 115265293, 115265281, 115263974, 115263514, 115264523, 115263773, 115263677, 115265074, 115263794, 115263682, 115263680, 115263629, 115263768, 115263564, 115263762, 115264989, 115265608, 115263576, 115265230, 115265532, 115265561, 115263951, 115264051, 115265029, 115264083, 115264707, 115264793, 115264441, 115263509, 115263512, 115263634, 115265309, 115264274, 115264215, 115264240, 115265415, 115264469, 115263821, 115264220, 115265030, 115263927, 115263586, 115263727, 115263717, 115265278, 115265463, 115265460, 115263854, 115265502, 115264229, 115263870, 115264212, 115263550, 115263739, 115263824, 115265157, 115263781, 115263787, 115263778, 115263651, 115265405, 115264375, 115264071, 115264975, 115263960, 115264146, 115264170, 115264545, 115265359, 115264541, 115264436, 115264140, 115264141, 115264115, 115264056, 115263593, 115263615, 115264558, 115264565, 115263820, 115264271, 115263809, 115264421, 115264416, 115264334, 115264337, 115263996, 115263610, 115264116, 115264849, 115264787, 115265299, 115264698, 115264588, 115263536, 115263936, 115263803, 115263510, 115265417, 115263520, 115264516, 115263528, 115264017, 115264110, 115265513, 115265467, 115265522, 115264090, 115263992, 115264049, 115264901, 115263796, 115263533, 115264917, 115264904, 115264857, 115264815, 115264833, 115263543, 115263598, 115264063, 115264072, 115264714, 115264729, 115264813, 115264629, 115264744, 115264634, 115264704, 115263621, 115264620, 115263530, 115265488, 115264626, 115265539, 115264681, 115263559, 115264674, 115263473, 115265241, 115265492, 115263905, 115264256, 115263987, 115264202, 115263882, 115263631, 115264059, 115264076, 115264081, 115263623, 115263654, 115265579, 115263761, 115263928, 115263774, 115265039, 115263699, 115263906, 115264968, 115263793, 115263670, 115265191, 115263730, 115263685, 115264965, 115263941, 115263930, 115265110, 115263625, 115263624, 115263726, 115263542, 

Shuppin: 

75903, 74071, 75915, 74050, 74052, 74036, 80296, 74020, 75942, 75944, 75934, 74102, 75909, 74153, 76015, 74054, 76008, 76003, 76035, 75912, 74131, 74130, 74011, 74072, 74106, 74037, 74133, 74144, 74146, 75902, 80378, 74008, 74027, 76013, 75960, 70354, 80299, 80450, 76007, 74082, 74091, 75984, 75988, 75994, 74098, 74095, 74023, 74042, 74016, 74109, 75970, 74101, 74142, 76028, 74105, 76017, 75921, 75972, 74062, 74005, 75447, 75413, 73998, 73991, 73717, 73584, 75760, 74048, 76039, 80407, 77216, 77190, 76012, 74108, 77179, 30442, 35461, 80452, 35445, 87271, 35391, 35466, 87295, 30408, 30404, 29156, 87433, 87384, 26202, 26104, 26220, 35443, 26181, 20493, 26057, 35422, 26173, 35396, 35448, 26066, 80464, 35454, 30376, 30454, 20490, 26191, 23674, 23720, 20584, 35392, 35430, 26116, 26067, 80243, 35412, 80422, 35397, 26096, 26195, 77176, 74121, 75969, 75925, 23693, 23629, 80395, 80337, 80372, 26139, 23677, 23658, 20592, 23651, 23614, 23686, 23682, 23641, 23632, 80295, 899, 925, 827, 855, 793, 860, 80441, 814, 932, 887, 973, 809, 790, 939, 26060, 50251, 12209, 10212, 35450, 35451, 87209, 26070, 80350, 35434, 87386, 35435, 35429, 20550, 87415, 70384, 70374, 76026, 26208, 20515, 3188, 80288, 3214, 3187, 80282, 80358, 50269, 20497, 20552, 50300, 50317, 26056, 80443, 70395, 35442, 80380, 10226, 70362, 74125, 10221, 20540, 74056, 23647, 30411, 76034, 87203, 87266, 50308, 50297, 80316, 23626, 23650, 80493, 26097, 30471, 20579, 20478, 26167, 26102, 23735, 60010, 35477, 35409, 30409, 30429, 20585, 50271, 80435, 26193, 50294, 80326, 80385, 29154, 20555, 23691, 23617, 23645, 30428, 80413, 20542, 87311, 87279, 80348, 12207, 20543, 12216, 80286, 26091, 87237, 87351, 12219, 23601, 26165, 26157, 82425, 23734, 30397, 29203, 26210, 20517, 23690, 23637, 20590, 23689, 26123, 20596, 26085, 23709, 23669, 35405, 35416, 29166, 23687, 23678, 23612, 74141, 26100, 23733, 75381, 73618, 73480, 75367, 73598, 75131, 26068, 777, 75950, 80446, 780, 929, 776, 868, 861, 779, 927, 898, 844, 920, 800, 856, 80414, 80334, 924, 886, 916, 847, 875, 959, 858, 960, 889, 80468, 972, 843, 806, 805, 953, 872, 926, 80314, 80429, 80245, 40697, 40661, 80470, 40704, 40733, 30427, 20507, 30446, 80323, 30433, 20573, 20557, 30452, 30423, 26164, 76043, 82417, 74123, 87331, 87289, 851, 907, 84450, 87339, 87318, 823, 965, 80363, 905, 864, 801, 838, 785, 963, 930, 936, 70379, 70364, 76044, 70376, 80355, 50290, 20524, 80331, 80428, 65128, 75901, 23683, 29197, 29187, 23619, 870, 791, 792, 866, 20503, 23640, 87276, 949, 80494, 87258, 50318, 87313, 84424, 84412, 29159, 12208, 65120, 23718, 23622, 80373, 23739, 23627, 23625, 20575, 23713, 20510, 23707, 80289, 87421, 20522, 82408, 87346, 87375, 26207, 30405, 80328, 30437, 74113, 75945, 50254, 12203, 12206, 20580, 84440, 35449, 35390, 35415, 87230, 50282, 26076, 35395, 80329, 26183, 20532, 23672, 23662, 84409, 87278, 87275, 26110, 87316, 35404, 26126, 35387, 20496, 23684, 26079, 80455, 23726, 23732, 23723, 20597, 87220, 40685, 30425, 80249, 26216, 3177, 3201, 67099, 846, 67095, 40746, 3171, 3172, 30469, 30410, 20539, 20561, 70360, 70367, 26075, 35446, 26064, 40731, 40726, 40643, 40646, 29181, 20556, 30470, 76001, 75939, 84430, 74104, 70390, 20482, 26192, 26058, 12204, 87232, 12214, 65113, 12307, 29202, 30464, 87327, 87282, 87336, 30444, 29177, 30403, 77183, 26051, 20479, 77199, 77186, 76009, 75967, 75985, 20489, 20544, 30417, 30426, 74120, 74135, 75965, 74035, 74150, 74040, 74110, 20567, 74026, 20476, 87302, 74032, 87353, 74087, 20505, 74080, 10216, 82419, 87306, 26161, 35431, 29172, 35377, 26138, 20577, 30413, 30430, 30435, 20569, 20600, 87393, 23706, 26184, 23719, 80338, 23644, 26162, 80242, 23738, 23615, 80489, 23675, 23630, 80239, 26197, 26186, 80408, 20571, 20570, 23671, 20488, 
-------------------------------------------------------------
Unknown Year/Make/Model:
115241649, 115241237, 115264828, 115251134, 115240801, 115250117, 115250104, 115239798, 115264757, 115264848, 115250155, 115250895, 115240760, 115264585, 115265231, 115240890, 115250183, 115264555, 115250164, 115250105, 115264594, 115250178, 115240782, 115243827, 115250065, 115253871, 115240783, 115254013, 115264875, 115250175, 115250149, 115254041, 115264591, 115250185, 115250138, 115250074, 115240903, 115264588, 115263753, 115239415, 115246102, 115245963, 115243703, 115246158, 115263770, 115253584, 115243221, 115245227, 115265025, 115263678, 115249297, 115245592, 115245880, 115243255, 115245892, 115243095, 115245134, 115263930, 115265110, 

Shuppin: 

77033, 73337, 75980, 75703, 70060, 70258, 70226, 30173, 75908, 76000, 70308, 75405, 70019, 70387, 82409, 70154, 70340, 70357, 70320, 70227, 70396, 70335, 70041, 80197, 70158, 70174, 70042, 75794, 76027, 70332, 70302, 75897, 70393, 70342, 70288, 70181, 70243, 70390, 23698, 20422, 25771, 25615, 80028, 25858, 23715, 20253, 23294, 23415, 80324, 23623, 25928, 25240, 25532, 23437, 25544, 23162, 23005, 26186, 80408, 
-------------------------------------------------------------
Unknown Chassis Prefix:
115265127, 115243712, 115250116, 115264539, 115250173, 115265123, 115240650, 115264537, 115250078, 115264528, 115241836, 115264585, 115240764, 115265231, 115240883, 115240890, 115240784, 115250188, 115240648, 115250183, 115264880, 115240666, 115264555, 115253873, 115240768, 115250164, 115250105, 115264568, 115264594, 115250171, 115250163, 115240774, 115250178, 115251331, 115254014, 115241651, 115240782, 115243827, 115253862, 115250170, 115240811, 115240745, 115250150, 115250063, 115250871, 115240761, 115250866, 115240762, 115250973, 115240591, 115253843, 115241666, 115240753, 115241244, 115243636, 115251529, 115241397, 115253991, 115240793, 115250064, 115250065, 115241660, 115241221, 115243776, 115241014, 115240814, 115255986, 115240807, 115250066, 115250144, 115253871, 115240783, 115254013, 115240765, 115253872, 115251148, 115264850, 115241452, 115250061, 115264584, 115250906, 115240891, 115240763, 115243656, 115240619, 115240606, 115241391, 115243633, 115264875, 115264549, 115250175, 115250149, 115250152, 115240939, 115254041, 115243632, 115264591, 115250185, 115250138, 115250074, 115240903, 115250147, 115251021, 115250174, 115250062, 115240766, 115250181, 115240899, 115264551, 115264536, 115264588, 115264583, 115253863, 

Shuppin: 

80425, 80037, 70246, 65136, 70330, 80421, 65065, 65134, 70185, 65125, 84089, 70387, 70023, 82409, 70144, 70154, 70043, 70345, 65063, 70340, 76032, 65084, 70357, 70176, 70027, 70320, 70227, 70370, 70396, 70328, 70319, 70033, 70335, 77165, 75795, 77035, 70041, 80197, 70153, 70326, 70071, 70004, 70303, 70155, 75373, 70020, 75365, 70021, 75506, 65006, 65094, 77050, 70012, 73345, 65100, 84249, 75132, 75708, 70052, 70156, 70158, 77044, 73320, 80116, 73105, 70074, 75900, 70067, 70160, 70296, 70174, 70042, 75794, 70024, 70175, 75727, 76002, 75188, 70151, 70386, 75420, 70159, 70022, 75423, 65034, 65021, 75126, 65092, 76027, 70351, 70332, 70302, 70305, 73028, 75897, 65089, 70393, 70342, 70288, 70181, 70243, 70300, 75560, 70331, 70152, 70025, 70338, 70211, 70353, 65133, 70390, 70385, 70157, 
-------------------------------------------------------------
No Transmission/Color/Fuel Type:
115243708, 115251115, 115250885, 115241398, 115250437, 115250896, 115241649, 115243421, 115243638, 115264519, 115243658, 115263526, 115241377, 115264435, 115241854, 115243557, 115250357, 115265618, 115265616, 115243412, 115239179, 115265127, 115243712, 115250116, 115264539, 115250173, 115265123, 115240650, 115264537, 115250078, 115264528, 115241836, 115264585, 115240764, 115265231, 115240883, 115240890, 115240784, 115250188, 115240648, 115250183, 115264880, 115240666, 115264555, 115253873, 115240768, 115250164, 115250105, 115264568, 115264594, 115250171, 115250163, 115240774, 115250178, 115251331, 115254014, 115241651, 115240782, 115243827, 115253862, 115250170, 115240811, 115240745, 115250150, 115250063, 115250871, 115240761, 115250866, 115240762, 115250973, 115240591, 115253843, 115241666, 115240753, 115241244, 115243636, 115251529, 115241397, 115253991, 115240793, 115250064, 115250065, 115241660, 115241221, 115243776, 115241014, 115240814, 115255986, 115240807, 115250066, 115250144, 115253871, 115240783, 115254013, 115240765, 115253872, 115251148, 115264850, 115241452, 115250061, 115264584, 115250906, 115240891, 115240763, 115243656, 115240619, 115240606, 115241391, 115243633, 115264875, 115264549, 115250175, 115250149, 115250152, 115240939, 115254041, 115243632, 115264591, 115250185, 115250138, 115250074, 115240903, 115250147, 115251021, 115250174, 115250062, 115240766, 115250181, 115240899, 115264551, 115264536, 115264588, 115264583, 115253863, 115242056, 115265014, 115264825, 115249540, 

Shuppin: 

80033, 75683, 75393, 75133, 73593, 75406, 77033, 3064, 65104, 65116, 75431, 12220, 75112, 40745, 84107, 40081, 73504, 87431, 87429, 3054, 20043, 80425, 80037, 70246, 65136, 70330, 80421, 65065, 65134, 70185, 65125, 84089, 70387, 70023, 82409, 70144, 70154, 70043, 70345, 65063, 70340, 76032, 65084, 70357, 70176, 70027, 70320, 70227, 70370, 70396, 70328, 70319, 70033, 70335, 77165, 75795, 77035, 70041, 80197, 70153, 70326, 70071, 70004, 70303, 70155, 75373, 70020, 75365, 70021, 75506, 65006, 65094, 77050, 70012, 73345, 65100, 84249, 75132, 75708, 70052, 70156, 70158, 77044, 73320, 80116, 73105, 70074, 75900, 70067, 70160, 70296, 70174, 70042, 75794, 70024, 70175, 75727, 76002, 75188, 70151, 70386, 75420, 70159, 70022, 75423, 65034, 65021, 75126, 65092, 76027, 70351, 70332, 70302, 70305, 73028, 75897, 65089, 70393, 70342, 70288, 70181, 70243, 70300, 75560, 70331, 70152, 70025, 70338, 70211, 70353, 65133, 70390, 70385, 70157, 86030, 80313, 75977, 40584, 
-------------------------------------------------------------
No Equipment:
No issues
-------------------------------------------------------------
Additional Photos Show 'No Foto':
No issues
-------------------------------------------------------------
No Auction Sheet:
No issues
-------------------------------------------------------------
