#############################################################
HAA KOBE Errors: 

Data Collection lasted for 3 minutes and 31.9 seconds.
Error checking completed within 13 minutes and 36.3 seconds.
Finished checking on Friday, 05. April 2019 10:15PM 
#############################################################
No Main Image:
110994910, 110995275, 110995077, 

Shuppin: 

80143, 85031, 80414, 
-------------------------------------------------------------
Japanese Characters:
No issues
-------------------------------------------------------------
Unknown Year/Make/Model:
110994837, 110995095, 110994950, 110994867, 110994957, 110995140, 

Shuppin: 

80043, 80463, 80201, 80073, 80208, 82032, 
-------------------------------------------------------------
Unknown Chassis Prefix:
No issues
-------------------------------------------------------------
No Transmission/Color/Fuel Type:
110995095, 110994950, 

Shuppin: 

80463, 80201, 
-------------------------------------------------------------
No Equipment:
No issues
-------------------------------------------------------------
Missing Yor:
No issues
-------------------------------------------------------------
No Yor Image:
110994819, 110994821, 110994857, 110994902, 110995337, 110995214, 110995193, 110997117, 110994955, 110995292, 110995060, 110995006, 110994829, 110995010, 110995097, 110995152, 110994999, 110994858, 110995158, 110995241, 110992935, 110993252, 110994984, 110994831, 110995180, 110994910, 110994979, 110995086, 110995004, 111003790, 110994820, 110994813, 110994804, 110994824, 110994962, 110995039, 110995000, 110995117, 110995299, 110995324, 110994822, 110995067, 110994989, 110994801, 110995062, 110994842, 110991910, 110995063, 110994982, 110995135, 110995003, 110995059, 110994859, 110995024, 110995213, 110995283, 110995275, 110995238, 110985289, 110985304, 110993400, 110991915, 110995154, 110995256, 110995103, 110993019, 110993055, 111003771, 110991874, 110995077, 110995061, 110995246, 110995249, 110995178, 110993376, 110997118, 110995239, 110991922, 110995164, 110995105, 110997124, 110994883, 110994939, 110994996, 110995169, 110995315, 110995316, 111003575, 110995328, 110995048, 110993035, 110995084, 110995041, 110995008, 110994981, 110995301, 110994837, 110995199, 110993176, 110995327, 110993174, 110993040, 110993061, 110995308, 110994862, 110995125, 110994881, 110994797, 110994934, 110995263, 110994872, 110995188, 110995049, 110995142, 110994849, 110994949, 110994864, 110995033, 110994997, 110995112, 110994992, 110995148, 110995171, 110995284, 110995017, 110994868, 110995139, 110994828, 110994976, 110995198, 110994954, 110995089, 110995116, 110995031, 110995331, 110995176, 110994852, 110994923, 110995186, 110994834, 110995021, 110995271, 110995184, 110994810, 110995329, 110995313, 110994845, 110995072, 110995181, 110994886, 110994850, 110991919, 110993096, 110992877, 110995247, 110995202, 110995079, 110995189, 110995211, 110994963, 110995196, 110995124, 110995336, 110995068, 110995195, 110994917, 110994812, 110995108, 110995204, 110995064, 110994930, 110995185, 110995121, 110995095, 110994950, 110994867, 110995082, 110995026, 110994865, 110995138, 111003553, 110995319, 110994854, 110994977, 110995098, 110995091, 110995343, 110995085, 110995259, 110995166, 110994916, 110994836, 110994803, 110995057, 110997123, 110994965, 110994905, 110995290, 110995160, 110994901, 110995286, 110995099, 110995311, 110994890, 110994899, 110994879, 110995266, 110995287, 110995150, 110995272, 110995215, 110994988, 110995300, 110994933, 110995130, 110995132, 110995136, 110995191, 110994973, 110995034, 110994908, 110995222, 110995307, 110995054, 110992889, 110994833, 110994840, 110994826, 110994957, 110995128, 110995137, 110994816, 110995200, 110995325, 110994855, 110995229, 110995230, 110994907, 110992351, 110994927, 110995134, 110995081, 110995293, 110995345, 110994911, 110994945, 110995113, 110994940, 110995147, 110994893, 110995306, 110995022, 110994935, 110995279, 110994961, 110995066, 110994959, 110995101, 110995029, 110995092, 110995020, 110995342, 110995258, 110995218, 110995197, 110995027, 110994798, 110993421, 110994830, 110995332, 110997122, 110994913, 110994896, 110994818, 110995005, 110995018, 110995243, 110994870, 110994806, 111003722, 110995065, 110995183, 110994929, 110994926, 110995232, 110994863, 111003768, 111003551, 110992931, 110995242, 110994869, 110995043, 110995268, 110994903, 110994915, 110995153, 110995032, 110994909, 110994866, 110995088, 110995265, 110997116, 110994898, 110995069, 110994894, 110995129, 110995025, 110995165, 110993398, 110995123, 110995270, 110994972, 110991878, 110995216, 110995304, 110995192, 110995179, 110995055, 110995141, 110994956, 110995015, 110994974, 110995209, 110995168, 110995177, 110997121, 110995295, 110995341, 110995206, 110995071, 110995305, 110994805, 110994931, 110994952, 110994796, 110994832, 110995276, 110995070, 110995102, 110994853, 110994944, 110994941, 110994938, 110994900, 110994983, 110995111, 110993089, 110995298, 110995226, 110994875, 110994987, 110995172, 110995281, 110995163, 110995261, 110994800, 110995326, 110994841, 110995140, 110995190, 110995127, 110995207, 110995233, 110993224, 110993010, 110995227, 110995234, 110993362, 110993225, 110992991, 110991792, 110995323, 110995205, 110995251, 110995257, 110991956, 110995170, 110995285, 110994844, 110995219, 111003795, 110995151, 110995094, 110995212, 110994919, 110994817, 110995269, 110994888, 110995302, 110995240, 110994860, 110995237, 110992643, 110992648, 110984804, 110985355, 110992754, 110993524, 110984999, 111003651, 

Shuppin: 

80025, 80027, 80063, 80129, 85098, 82106, 82085, 80329, 80206, 85051, 80312, 80258, 80035, 80262, 80465, 82044, 80251, 80064, 82050, 84026, 43046, 43500, 80236, 80037, 82072, 80143, 80231, 80450, 80256, 43577, 80026, 80019, 80010, 80030, 80214, 80291, 80252, 82009, 85060, 85085, 80028, 80319, 80241, 80007, 80314, 80048, 10188, 80315, 80234, 82027, 80255, 80311, 80065, 80276, 82105, 85042, 85031, 84023, 43389, 43413, 43698, 10193, 82046, 85008, 80472, 43178, 43216, 43396, 10143, 80414, 80313, 84031, 84034, 82070, 43674, 80330, 84024, 10200, 82056, 80474, 82110, 80096, 80188, 80248, 82061, 85076, 85077, 10286, 85089, 80300, 43196, 80445, 80293, 80260, 80233, 85062, 80043, 82091, 43364, 85088, 43362, 43201, 43222, 85069, 80068, 82017, 80093, 80003, 80181, 85017, 80080, 82080, 80301, 82034, 80055, 80200, 80070, 80285, 80249, 82004, 80244, 82040, 82063, 85043, 80269, 80074, 82031, 80034, 80228, 82090, 80205, 80453, 82008, 80283, 85092, 82068, 80058, 80162, 82078, 80040, 80273, 85025, 82076, 80016, 85090, 85074, 80051, 80324, 82073, 80103, 80056, 10197, 43257, 42016, 84032, 82094, 80431, 82081, 82103, 80215, 82088, 82016, 85097, 80320, 82087, 80154, 80018, 80477, 82096, 80316, 80173, 82077, 82013, 80463, 80201, 80073, 80443, 80278, 80071, 82030, 10133, 85080, 80060, 80229, 80466, 80457, 85104, 80446, 85012, 82058, 80151, 80042, 80009, 80309, 82109, 80217, 80135, 85049, 82052, 80128, 85045, 80467, 85072, 80109, 80126, 80091, 85020, 85046, 82042, 85028, 82107, 80240, 85061, 80178, 82022, 82024, 82028, 82083, 80225, 80286, 80139, 84005, 85068, 80306, 42046, 80039, 80046, 80032, 80208, 82020, 82029, 80022, 82092, 85086, 80061, 84013, 84014, 80138, 30398, 80170, 82026, 80438, 85054, 85106, 80144, 80195, 82005, 80189, 82039, 80117, 85067, 80274, 80182, 85036, 80213, 80318, 80210, 80470, 80281, 80458, 80272, 85103, 85011, 84001, 82089, 80279, 80004, 43719, 80036, 85093, 80334, 80148, 80120, 80024, 80257, 80270, 84028, 80076, 80012, 43054, 80317, 82075, 80172, 80168, 84016, 80069, 43378, 10126, 43042, 84027, 80075, 80295, 85022, 80132, 80150, 82045, 80284, 80140, 80072, 80452, 85019, 80078, 80125, 80321, 80118, 82021, 80277, 82057, 43696, 82015, 85024, 80224, 10147, 82108, 85065, 82084, 82071, 80307, 82033, 80207, 80267, 80226, 82101, 82060, 82069, 80333, 85056, 85102, 82098, 80323, 85066, 80011, 80175, 80203, 80002, 80038, 85033, 80322, 80471, 80059, 80194, 80190, 80187, 80127, 80235, 82003, 43250, 85059, 84010, 80085, 80239, 82064, 85040, 82055, 85014, 80006, 85087, 80047, 82032, 82082, 82019, 82099, 84017, 43470, 43169, 84011, 84018, 43660, 43471, 43143, 10023, 85084, 82097, 84036, 85010, 10234, 82062, 85044, 80050, 84002, 43586, 82043, 80460, 82104, 80157, 80023, 85023, 80107, 85063, 84025, 80066, 84022, 37176, 37184, 50399, 50099, 37330, 50406, 50691, 37226, 
-------------------------------------------------------------
Additional Photos Show 'No Foto':
No issues
-------------------------------------------------------------
No Auction Sheet:
No issues
-------------------------------------------------------------
