#############################################################
USS GUNMA Errors: 

Data Collection lasted for 4 minutes and 9.8 seconds.
Error checking completed within 17 minutes and 26.8 seconds.
Finished checking on Friday, 05. April 2019 09:27PM 
#############################################################
No Main Image:
No issues
-------------------------------------------------------------
Japanese Characters:
No issues
-------------------------------------------------------------
Unknown Year/Make/Model:
110999414, 

Shuppin: 

6032, 
-------------------------------------------------------------
Unknown Chassis Prefix:
No issues
-------------------------------------------------------------
No Transmission/Color/Fuel Type:
110999414, 111000980, 110999507, 

Shuppin: 

6032, 9027, 8018, 
-------------------------------------------------------------
No Equipment:
No issues
-------------------------------------------------------------
Missing Yor:
No issues
-------------------------------------------------------------
No Yor Image:
110999481, 111000750, 111000795, 111000662, 110999325, 111000961, 111000758, 111000713, 110999436, 110999495, 111000981, 111000895, 111000979, 111000935, 110999458, 110999407, 110999367, 111000863, 111000917, 111000987, 110999319, 111000720, 110999530, 110999480, 111000817, 111000694, 110999388, 111000753, 111000805, 110999464, 111000955, 111000738, 110999470, 111000948, 111000691, 110999337, 111000956, 111000814, 111000891, 111000670, 111000764, 110999551, 110999478, 111000920, 110999524, 110999455, 110999496, 110999386, 111000970, 111000996, 111000928, 110999371, 111000934, 110999330, 111000664, 111000967, 110999343, 110999381, 110999435, 111000660, 111000897, 111000887, 110999543, 110999526, 111000950, 111000993, 110999382, 111000813, 111000894, 111000829, 111000672, 110999547, 111000978, 111000988, 111000804, 111000815, 110999528, 110999536, 110999365, 111000776, 111000847, 111000954, 110999523, 111000838, 110999403, 111000687, 111000942, 111000871, 111000661, 111000684, 110999503, 110999479, 111000919, 110999395, 110999498, 110999535, 111000836, 110999320, 111000849, 111000866, 111000883, 111000812, 110999429, 110999400, 110999522, 111000969, 110999487, 111000951, 110999500, 110999422, 111000796, 111000893, 110999349, 111000858, 111000977, 111000841, 111000855, 111000734, 111000932, 111000741, 110999357, 111000959, 111000933, 111000856, 110999418, 111000925, 111000837, 111000826, 111000884, 110999342, 111000801, 110999333, 111000872, 111000860, 111000695, 111000785, 111000823, 110999398, 111000658, 110999534, 110999380, 111000657, 111000665, 111000749, 111000777, 110999360, 111000778, 111000892, 110999448, 110999361, 110999468, 111000702, 110999425, 110999510, 110999417, 111000736, 111000748, 110999393, 110999316, 110999412, 110999415, 110999416, 111000873, 110999430, 111000853, 111000851, 110999501, 111000864, 110999489, 111000850, 111000755, 111000990, 111000869, 110999413, 110999414, 110999384, 111000835, 111000654, 110999347, 110999399, 110999546, 110999396, 111000790, 110999387, 110999340, 110999356, 111001001, 110999421, 111000830, 110999402, 110999427, 111000682, 110999485, 110999512, 110999529, 110999542, 111000921, 111000907, 111000773, 110999484, 110999462, 110999493, 111000816, 110999331, 111000797, 111000890, 111000972, 111000771, 111000915, 111000924, 111000962, 110999358, 111000937, 110999517, 110999532, 110999504, 111000910, 111000810, 111000824, 111000789, 111000899, 111000692, 110999321, 110999345, 111000699, 110999456, 111000911, 110999353, 110999368, 111000712, 111000964, 111000680, 111000786, 111000848, 111000677, 110999346, 111000792, 111000725, 111000827, 111000666, 110999515, 111000701, 111000675, 111000721, 111000931, 110999332, 110999460, 110999474, 110999428, 111000913, 110999372, 111000674, 111000685, 110999556, 111000770, 111000828, 111000647, 110999338, 111000700, 110999527, 111000944, 110999525, 111000820, 111000936, 111000861, 111000723, 110999335, 111000707, 111000999, 111000728, 111000779, 111001002, 111000807, 111000874, 111000705, 111000968, 111000965, 111000927, 110999322, 110999434, 110999471, 110999392, 110999324, 110999508, 111000715, 111000889, 110999341, 111000857, 110999518, 111000852, 110999519, 110999401, 111000902, 110999554, 110999439, 111000716, 110999483, 111000854, 110999461, 111000909, 111000743, 110999541, 111000960, 111000760, 110999477, 111000945, 110999509, 111000679, 111000706, 111000905, 110999520, 111000966, 110999339, 111000767, 111000833, 111000880, 111000689, 111000868, 111000788, 110999544, 110999467, 110999327, 111000832, 111000974, 111000802, 111000982, 110999555, 111000995, 111000973, 110999377, 111000862, 111000906, 111000870, 111000865, 110999344, 111000780, 111000648, 111000698, 111000980, 111000926, 111000800, 110999486, 110999318, 111000908, 111000784, 111000787, 110999394, 111000831, 110999450, 110999506, 111000971, 111000918, 110999505, 111000681, 110999336, 111000768, 111000859, 110999490, 111000766, 111000976, 111000673, 111000882, 111000914, 111000782, 111000991, 110999409, 110999334, 111000983, 111000678, 110999373, 111000729, 110999513, 111000819, 111000756, 110999354, 110999328, 110999475, 110999355, 111000739, 111000667, 111000886, 110999465, 111000929, 111000752, 110999497, 111000718, 111000941, 110999329, 111000822, 110999457, 111000997, 111001000, 111000798, 111000671, 111000799, 110999408, 111000774, 111000952, 110999492, 110999545, 111000703, 111000775, 110999370, 111000765, 111000994, 110999507, 110999352, 110999548, 111000809, 110999406, 111000730, 111000904, 111000878, 110999423, 111000652, 111000821, 111000877, 111000653, 111000651, 111000711, 111000740, 110999364, 110999391, 111000697, 111000731, 111000714, 111000949, 111000650, 111000803, 110999433, 110999511, 111000791, 110999550, 110999424, 111000879, 110999491, 111000938, 110999363, 110999472, 110999521, 111000943, 111000744, 110999317, 110999476, 111000722, 111000710, 110999443, 111000834, 111000876, 111000709, 111000708, 110999369, 110999379, 111000903, 110999533, 111000963, 111000930, 110999499, 110999351, 111000989, 111000686, 111000668, 111000825, 111000992, 111000888, 110999440, 110999446, 111000759, 111000746, 111000763, 111000783, 110999359, 111000984, 111000912, 111000769, 111000844, 111000676, 110999453, 111000806, 111000735, 110999540, 111000867, 110999441, 110999378, 110999463, 111000732, 110999454, 110999553, 110999326, 110999445, 111000727, 111000808, 110999514, 110999444, 110999366, 111000793, 110999452, 111000818, 110999539, 111000958, 

Shuppin: 

7048, 2188, 4008, 1023, 2004, 7138, 2199, 2131, 6064, 7106, 9028, 4157, 9026, 7097, 7013, 6020, 2073, 4111, 7063, 9038, 1052, 2142, 8052, 7047, 4041, 2106, 4193, 2194, 4025, 7022, 7129, 2173, 7032, 7119, 2102, 2022, 7130, 4037, 4150, 1036, 2208, 9011, 7044, 7069, 8043, 7010, 7151, 4191, 7150, 9057, 7082, 2079, 7096, 2011, 1025, 7147, 2033, 4181, 6063, 1021, 4160, 4145, 8071, 8048, 7124, 9048, 4186, 4036, 4156, 4059, 1039, 9004, 9025, 9041, 4024, 4039, 8050, 8061, 2067, 3006, 4089, 7128, 8042, 4073, 6014, 2095, 7113, 4123, 1022, 2092, 8014, 7046, 7068, 4210, 8003, 8060, 4069, 1053, 4092, 4114, 4138, 4035, 6054, 6008, 8041, 7149, 7059, 7125, 8005, 6047, 4009, 4155, 2044, 4103, 9024, 4080, 4100, 2166, 7086, 2176, 2055, 7136, 7095, 4101, 6039, 7079, 4072, 4056, 4139, 2030, 4018, 2017, 4124, 4105, 2107, 38, 4050, 6005, 1017, 8059, 4180, 1016, 1026, 2187, 3007, 2061, 3008, 4151, 6082, 2062, 7030, 2117, 6050, 8021, 6038, 2171, 2186, 4204, 1045, 6030, 6036, 6037, 4125, 6058, 4096, 4094, 8008, 4112, 7062, 4093, 2196, 9044, 4118, 6031, 6032, 4188, 4068, 1013, 2041, 6006, 9003, 6003, 4003, 4192, 2028, 2053, 9062, 6044, 4060, 6010, 6052, 2086, 7055, 8026, 8051, 8070, 7070, 43, 30, 7054, 7020, 7093, 4040, 2012, 4012, 4149, 9017, 29, 7, 7075, 7139, 2056, 7102, 8036, 8054, 8015, 50, 4030, 4051, 4002, 4162, 2103, 1054, 2037, 2114, 7011, 52, 2050, 2074, 2130, 7141, 18, 4, 4091, 15, 2040, 4005, 2150, 4057, 1028, 8031, 2116, 12, 2143, 7085, 2015, 7015, 7036, 6053, 54, 2080, 1043, 2093, 9016, 28, 4058, 1, 2023, 2115, 8049, 7115, 8047, 4047, 7101, 4106, 2148, 2019, 2125, 9060, 2155, 3012, 9063, 4027, 4126, 2123, 7148, 7145, 7081, 2001, 6062, 7033, 4202, 2003, 8019, 2137, 4148, 2029, 4102, 8037, 4095, 8038, 6009, 4168, 9014, 6070, 2138, 7053, 41, 7019, 48, 2181, 8069, 7137, 2204, 7043, 7116, 8020, 17, 2124, 4171, 8039, 7146, 2024, 25, 4063, 4135, 21, 4117, 4001, 8072, 7026, 2007, 4062, 9019, 4019, 9031, 9015, 9053, 9018, 4175, 4110, 42, 4122, 4113, 2035, 3013, 1001, 2113, 9027, 7080, 4015, 7058, 1051, 47, 37, 40, 4206, 4061, 7002, 8017, 8, 7064, 8016, 19, 2020, 26, 4104, 7090, 24, 9023, 1041, 4137, 6, 35, 9045, 6025, 2018, 9033, 16, 2083, 2159, 8027, 4046, 2197, 2051, 2008, 7037, 2052, 2174, 1033, 4144, 7024, 7083, 2193, 7152, 2140, 7112, 2009, 4049, 7012, 9058, 9061, 4013, 1038, 4014, 6022, 3001, 7126, 7092, 9002, 2118, 3005, 2078, 2209, 9049, 8018, 2047, 9008, 4029, 6019, 2160, 4170, 4133, 6048, 1011, 4048, 4129, 1012, 1007, 2129, 2175, 2065, 4199, 2112, 2162, 2136, 7123, 1004, 4023, 6061, 8025, 4004, 9010, 6049, 4134, 7091, 7103, 2064, 7034, 8040, 7114, 2182, 1050, 7042, 2147, 2128, 6074, 4067, 4128, 2127, 2126, 2075, 4177, 4169, 8058, 7140, 7084, 8004, 2046, 9043, 2094, 1034, 4052, 9047, 4147, 6071, 6080, 2203, 2184, 2207, 36, 2057, 9035, 53, 27, 4083, 13, 7008, 4026, 2170, 8065, 4115, 6072, 4176, 7021, 2163, 7009, 9013, 2006, 6076, 2154, 4028, 8030, 6075, 2069, 4006, 7004, 4045, 8064, 7135, 
-------------------------------------------------------------
Additional Photos Show 'No Foto':
No issues
-------------------------------------------------------------
No Auction Sheet:
No issues
-------------------------------------------------------------
