#############################################################
USS OKAYAMA Errors: 

Data Collection lasted for 2 minutes and 40.7 seconds.
Error checking completed within 9 minutes and 52.6 seconds.
Finished checking on Friday, 05. April 2019 11:42PM 
#############################################################
No Main Image:
No issues
-------------------------------------------------------------
Japanese Characters:
No issues
-------------------------------------------------------------
Unknown Year/Make/Model:
No issues
-------------------------------------------------------------
Unknown Chassis Prefix:
No issues
-------------------------------------------------------------
No Transmission/Color/Fuel Type:
110989458, 

Shuppin: 

2028, 
-------------------------------------------------------------
No Equipment:
No issues
-------------------------------------------------------------
Missing Yor:
No issues
-------------------------------------------------------------
No Yor Image:
111001016, 111002974, 111003027, 111001082, 110996592, 110989774, 110989373, 110989660, 110996411, 110996555, 110989810, 110989732, 111001049, 111001017, 110989675, 110996659, 110989796, 110989396, 110989759, 110996473, 111001126, 110989661, 110996429, 111001071, 110989607, 110989766, 110989671, 111001127, 110989656, 110989677, 110996432, 110996740, 110989711, 110989803, 110989753, 110989400, 110996491, 110989382, 110989735, 111001143, 110996455, 110996568, 110996456, 110996594, 110996577, 110996434, 111003040, 110989707, 110989634, 110989434, 111001035, 111001134, 111003079, 110996528, 111001147, 110996654, 111001075, 110996650, 110996642, 111001103, 110989792, 110989767, 110989490, 110989739, 111001024, 111001019, 110989425, 111003072, 110996620, 110996687, 111003074, 111001157, 110996442, 111003059, 110996649, 111001146, 110996753, 110996730, 110996374, 110989600, 110989610, 111001009, 110989638, 110989758, 110996500, 111003002, 111001025, 111001165, 110989366, 111002972, 110989596, 111001027, 110989662, 111003081, 110989432, 111002978, 110996414, 110989787, 110989779, 110989405, 110996398, 110996381, 110996506, 110996409, 110996751, 110996464, 110996683, 110996529, 110996560, 110996386, 111003080, 110989701, 110996715, 110996502, 110996524, 110989713, 110989501, 110989690, 111002984, 110989516, 110989698, 110989545, 110989722, 111001078, 110996623, 110989769, 110989604, 110989385, 110996422, 110996463, 111001120, 110996428, 110989760, 111001168, 110989754, 110989481, 110989780, 111001051, 110989723, 110989466, 110989445, 110989435, 110996431, 110996420, 110996405, 111003005, 110996564, 111003021, 111003018, 111002989, 111001050, 110989646, 110996614, 111001123, 110996430, 110996557, 110996415, 110996379, 110996424, 110996675, 110996508, 110989761, 111001006, 111001101, 110989712, 110989628, 111001056, 110996569, 110996674, 110989473, 110989458, 110996700, 110996447, 110989463, 110996586, 111003049, 111001113, 110989388, 110989738, 110989381, 110996706, 110989486, 110989716, 110989757, 110989407, 110996485, 110989641, 110989715, 110989645, 110989688, 110996476, 110989693, 110996488, 111003030, 110989521, 111000363, 110996511, 110996526, 110996391, 110989591, 110996547, 111001125, 110996716, 110996545, 110996554, 110996656, 110989763, 110996606, 110989556, 110989579, 110996720, 110989577, 110989613, 110989682, 110989498, 110989619, 111001119, 110996565, 111002997, 110996561, 110996534, 110996657, 111001118, 111001115, 110989725, 110989390, 110996602, 111003007, 111001152, 110989375, 110989433, 110989536, 110989557, 111003063, 110996406, 110996754, 110996729, 111003062, 110996375, 110996453, 110996733, 110989621, 110996582, 110996423, 110996624, 110996629, 110996688, 111001073, 110989709, 111001090, 110996507, 111002975, 110989386, 111001112, 111000365, 111003046, 110996635, 110989412, 110996634, 111001171, 110989639, 110989695, 110989395, 110989475, 111001036, 110989462, 110989798, 110989454, 111002988, 110989469, 110989474, 110989449, 111002985, 111001060, 110989451, 110989450, 110989720, 111001028, 110989478, 110989459, 110989476, 110989680, 111001139, 111001085, 111001007, 110989644, 110989377, 111001005, 110989384, 110989728, 111003003, 110996389, 110996445, 111003057, 111001158, 111001141, 110996376, 110996378, 110996697, 110996387, 

Shuppin: 

177, 108, 6134, 6030, 8095, 7111, 113, 6002, 4054, 8041, 98, 7, 5005, 178, 6020, 8188, 81, 14, 7090, 6091, 8073, 6003, 4082, 5074, 46, 7100, 6016, 8074, 5525, 6024, 4085, 8313, 6071, 90, 7083, 143, 7003, 123, 7020, 8142, 5013, 8060, 5014, 8097, 8076, 4089, 8200, 6066, 51, 16, 24, 8111, 86, 8001, 8160, 8182, 5512, 8175, 8165, 8006, 78, 7101, 30, 7066, 184, 18, 1526, 8483, 8131, 8229, 8487, 8391, 4100, 8457, 8174, 8154, 8333, 8298, 13, 37, 49, 152, 55, 7089, 7018, 4093, 185, 8407, 100, 102, 32, 20, 6004, 94, 158, 1510, 4057, 7130, 7118, 150, 4035, 4008, 7029, 4052, 8327, 5022, 8225, 8002, 8048, 4016, 88, 6057, 8273, 7022, 7056, 6073, 3013, 6039, 1536, 3035, 6054, 3085, 6086, 6006, 8137, 7106, 43, 126, 4069, 5021, 8058, 4081, 7091, 8413, 7084, 2057, 7119, 5010, 6087, 2039, 2006, 160, 4084, 4067, 4045, 4107, 8054, 6122, 6116, 2071, 5009, 5515, 8125, 8069, 4083, 8044, 4059, 4006, 4074, 8214, 7031, 7093, 145, 7044, 6072, 5058, 5028, 8061, 8213, 2046, 2028, 8247, 5001, 2036, 8086, 8437, 8039, 132, 7062, 122, 8262, 27, 6077, 7087, 1504, 6106, 5506, 6076, 5514, 6037, 6097, 6044, 6113, 6140, 3041, 3050, 7035, 7058, 4021, 3148, 8030, 8071, 8274, 8026, 8037, 8184, 7095, 8112, 3103, 3133, 8278, 3131, 5035, 6029, 3010, 5043, 8057, 8055, 4049, 8049, 8010, 8186, 8052, 8043, 61, 134, 8106, 4111, 8255, 115, 159, 3066, 3105, 8465, 4046, 8334, 8297, 8463, 4001, 5008, 8301, 5045, 8081, 4073, 8139, 8145, 8230, 5502, 6068, 6049, 7030, 110, 127, 8038, 8243, 8431, 8155, 1509, 8153, 8419, 5504, 6051, 139, 2048, 26, 2032, 83, 2020, 2069, 2042, 2047, 2010, 2051, 5046, 2015, 2011, 6084, 2013, 2054, 2029, 2049, 6027, 8122, 6043, 146, 5509, 117, 130, 125, 64, 4099, 4019, 4103, 8453, 8393, 8134, 4002, 4005, 8244, 4017, 
-------------------------------------------------------------
Additional Photos Show 'No Foto':
No issues
-------------------------------------------------------------
No Auction Sheet:
No issues
-------------------------------------------------------------
