#############################################################
USS HOKURIKU Errors: 

Data Collection lasted for 2 minutes and 2.8 seconds.
Error checking completed within 8 minutes and 47.0 seconds.
Finished checking on Friday, 05. April 2019 08:50PM 
#############################################################
No Main Image:
No issues
-------------------------------------------------------------
Japanese Characters:
No issues
-------------------------------------------------------------
Unknown Year/Make/Model:
111000444, 

Shuppin: 

1076, 
-------------------------------------------------------------
Unknown Chassis Prefix:
111000444, 

Shuppin: 

1076, 
-------------------------------------------------------------
No Transmission/Color/Fuel Type:
111000568, 111000444, 

Shuppin: 

6010, 1076, 
-------------------------------------------------------------
No Equipment:
No issues
-------------------------------------------------------------
Missing Yor:
No issues
-------------------------------------------------------------
No Yor Image:
111000481, 111000507, 111000606, 111000527, 111000513, 111000524, 111000596, 111000449, 111000480, 111000432, 111000399, 111000518, 111000460, 111000498, 111000455, 111000486, 111000483, 111000428, 111000528, 111000442, 111000580, 111000531, 111000637, 111000622, 111000445, 111000626, 111000430, 111000558, 111000537, 111000453, 111000613, 111000545, 111000417, 111000467, 111000553, 111000509, 111000448, 111000403, 111000543, 111000585, 111000639, 111000598, 111000593, 111000554, 111000591, 111000503, 111000407, 111000617, 111000582, 111000471, 111000615, 111000431, 111000493, 111000632, 111000426, 111000594, 111000575, 111000535, 111000578, 111000476, 111000569, 111000568, 111000544, 111000640, 111000590, 111000609, 111000603, 111000638, 111000599, 111000485, 111000404, 111000519, 111000489, 111000565, 111000409, 111000500, 111000496, 111000400, 111000520, 111000628, 111000551, 111000397, 111000490, 111000636, 111000611, 111000624, 111000429, 111000516, 111000550, 111000538, 111000572, 111000634, 111000393, 111000420, 111000422, 111000463, 111000415, 111000438, 111000595, 111000610, 111000641, 111000608, 111000401, 111000465, 111000464, 111000577, 111000547, 111000630, 111000566, 111000462, 111000576, 111000645, 111000461, 111000605, 111000618, 111000515, 111000472, 111000408, 111000421, 111000597, 111000548, 111000411, 111000583, 111000534, 111000457, 111000514, 111000511, 111000499, 111000474, 111000567, 111000541, 111000419, 111000495, 111000614, 111000579, 111000564, 111000555, 111000423, 111000601, 111000561, 111000620, 111000549, 111000574, 111000536, 111000571, 111000570, 111000492, 111000475, 111000619, 111000502, 111000607, 111000623, 111000560, 111000398, 111000646, 111000424, 111000479, 111000631, 111000451, 111000529, 111000497, 111000635, 111000552, 111000633, 111000525, 111000523, 111000621, 111000446, 111000394, 111000413, 111000501, 111000504, 111000477, 111000644, 111000517, 111000435, 111000612, 111000532, 111000557, 111000581, 111000584, 111000627, 111000530, 111000469, 111000412, 111000484, 111000592, 111000625, 111000589, 111000482, 111000556, 111000450, 111000487, 111000406, 111000522, 111000540, 111000546, 111000473, 111000488, 111000505, 111000642, 111000588, 111000604, 111000506, 111000587, 111000629, 111000441, 111000416, 111000452, 111000468, 111000562, 111000616, 111000433, 111000494, 111000539, 111000434, 111000478, 111000600, 111000563, 111000444, 111000466, 111000447, 111000559, 111000396, 111000436, 111000521, 111000459, 111000602, 111000533, 111000437, 111000395, 111000586, 111000414, 111000510, 111000425, 111000643, 111000456, 111000405, 111000427, 111000402, 111000443, 111000410, 111000440, 111000508, 111000526, 111000512, 111000573, 111000458, 111000418, 111000491, 111000454, 111000439, 111000470, 

Shuppin: 

27, 3035, 8026, 3060, 3041, 3056, 8010, 15, 26, 1058, 1010, 3046, 2010, 3021, 2004, 3004, 3, 1054, 3061, 1074, 67, 33, 8072, 8051, 1077, 8055, 1056, 58, 4003, 20, 8035, 42, 1037, 2023, 50, 3037, 13, 1019, 4017, 75, 8074, 8013, 8005, 51, 8001, 3028, 1024, 8042, 69, 2028, 8040, 1057, 3013, 8064, 1051, 8008, 6018, 38, 64, 22, 6011, 6010, 4019, 8075, 80, 8029, 8018, 8073, 8014, 3003, 1021, 3047, 3009, 6004, 1026, 3024, 3019, 1011, 3048, 8059, 49, 1008, 3010, 8071, 8032, 8053, 1055, 3044, 48, 4004, 6015, 8066, 10, 1043, 1045, 2017, 1035, 1066, 8009, 8031, 8076, 8028, 1012, 2019, 2018, 61, 45, 8062, 6005, 2015, 6019, 89, 2011, 8024, 8043, 3043, 2031, 1025, 1044, 8011, 46, 1030, 7, 37, 2007, 3042, 3039, 3023, 2033, 6008, 4009, 1041, 3015, 8038, 66, 6003, 55, 1046, 8016, 60, 8045, 47, 6017, 4002, 6014, 6013, 3012, 2034, 8044, 3027, 8027, 8052, 6, 1009, 9, 1047, 25, 8063, 18, 3062, 3020, 8067, 5, 8065, 3058, 3053, 8049, 1078, 1001, 1033, 3025, 3029, 23, 88, 3045, 1063, 8034, 35, 57, 68, 73, 8056, 3063, 2025, 1032, 3001, 8002, 8054, 79, 29, 56, 16, 3005, 1023, 3052, 4007, 44, 2032, 3008, 3030, 86, 78, 8022, 3034, 77, 8061, 1070, 1036, 19, 2024, 6001, 8041, 1059, 3014, 4006, 1061, 24, 8015, 6002, 1076, 2020, 1079, 59, 1006, 1064, 3051, 2009, 8017, 36, 1065, 1002, 76, 1034, 3038, 1048, 87, 2006, 1022, 1052, 1013, 1075, 1029, 1068, 3036, 3059, 3040, 6016, 2008, 1038, 3011, 2002, 1067, 2026, 
-------------------------------------------------------------
Additional Photos Show 'No Foto':
No issues
-------------------------------------------------------------
No Auction Sheet:
No issues
-------------------------------------------------------------
