#############################################################
USS KYUSHU Errors: 

Data Collection lasted for 2 minutes and 42.5 seconds.
Error checking completed within 10 minutes and 45.6 seconds.
Finished checking on Friday, 05. April 2019 11:06PM 
#############################################################
No Main Image:
No issues
-------------------------------------------------------------
Japanese Characters:
No issues
-------------------------------------------------------------
Unknown Year/Make/Model:
No issues
-------------------------------------------------------------
Unknown Chassis Prefix:
No issues
-------------------------------------------------------------
No Transmission/Color/Fuel Type:
No issues
-------------------------------------------------------------
No Equipment:
No issues
-------------------------------------------------------------
Missing Yor:
No issues
-------------------------------------------------------------
No Yor Image:
110991576, 110991534, 110989989, 110999007, 110991521, 110997021, 110991606, 110999014, 110999030, 110997014, 110997001, 110999016, 110999035, 111000288, 110999004, 110999917, 111000281, 110998675, 110990888, 110998304, 110991045, 110991744, 110990946, 110998739, 110991586, 111000349, 110999015, 110990934, 110990896, 110991099, 110998991, 110991134, 110991039, 110998660, 110991733, 110999028, 111000292, 110991545, 110996827, 111000340, 110999010, 110991551, 110991528, 111000294, 110991526, 110991588, 110991592, 110998994, 110991538, 110991052, 110998728, 110991605, 110991549, 111000277, 110991546, 110991599, 110999019, 110996935, 110991587, 110991503, 110999018, 110990078, 110991569, 110998783, 110996999, 111000280, 110997010, 110991577, 110991590, 110999921, 110991524, 110999017, 110991499, 110991515, 110991617, 110991535, 110998987, 110990010, 110990901, 111000276, 110998995, 110998714, 110990907, 110991612, 110998275, 110997008, 110991563, 110991527, 110998992, 111000282, 110991506, 110997024, 110997017, 110991510, 110991508, 110999031, 110991520, 110991597, 110991530, 110999022, 110991557, 111000296, 111000293, 110991573, 110991611, 110999000, 110998990, 110999021, 110997018, 110996957, 110999907, 110998669, 110990940, 110997016, 110998777, 110991539, 110998312, 110999027, 110991548, 110990059, 110991562, 110991540, 110991615, 110998986, 111000274, 110991571, 110997015, 110991705, 110990905, 110998667, 110990842, 110991525, 110991602, 110999008, 110990138, 110998993, 110991553, 111000343, 110991565, 110991607, 110991555, 110998985, 110998999, 110990932, 110991544, 110999033, 111000166, 111000138, 110991012, 110991541, 110991600, 110999949, 111000278, 110999037, 110991512, 110991614, 110999025, 110998998, 110998695, 110991081, 110991618, 110998716, 110998302, 110996953, 110998657, 110991103, 110991574, 111000286, 110999009, 110999034, 110991723, 111000285, 110991532, 110991558, 110999939, 111000287, 110997011, 110991736, 110996809, 110999981, 110998418, 110990072, 110996911, 110990471, 110996847, 110998397, 110990817, 110996894, 110990189, 110990549, 110999971, 111000358, 110998531, 110990423, 110996944, 110990338, 110990433, 111000353, 110990479, 110990860, 110990691, 110989998, 110990640, 110990363, 110990806, 110998438, 110998443, 111000059, 110998535, 110990431, 110991111, 110998794, 110998772, 110991006, 110990873, 110990654, 110998402, 110998506, 110990836, 110990316, 110998539, 110990561, 110990342, 110998597, 110990532, 110996861, 110990572, 110990818, 110990331, 110998573, 110998522, 110990785, 110998757, 110998735, 110990727, 110990618, 110998763, 110990013, 110996817, 110991041, 110998398, 110991053, 110990279, 110998499, 110990577, 110998356, 110991765, 110998509, 110990252, 110990754, 110990838, 110990686, 110990492, 110996886, 110999953, 110990988, 110998785, 111000161, 111000047, 110991080, 110996926, 110998641, 110990718, 110990739, 111000119, 110990659, 110998577, 110990653, 110998556, 110990205, 110990742, 110990170, 110990672, 110990746, 110998605, 111000113, 110996873, 110999991, 111000050, 110996880, 110990796, 110996918, 110990954, 111000145, 110999082, 110991055, 110990401, 110991613, 110999057, 110991673, 110999048, 110999045, 110991719, 110990884, 110998720, 110990520, 111000130, 110990693, 110998978, 111000114, 

Shuppin: 

57109, 57054, 12004, 57069, 57035, 57192, 57150, 57202, 57218, 57185, 57172, 57204, 57223, 57138, 57062, 12195, 57100, 50075, 50093, 12100, 50308, 70024, 50171, 50502, 57125, 72036, 57203, 50155, 50103, 50379, 57020, 50433, 50298, 50030, 70009, 57216, 57146, 57070, 12256, 72018, 57198, 57077, 57043, 57155, 57041, 57127, 57131, 57028, 57058, 50315, 50491, 57149, 57074, 57083, 57071, 57141, 57207, 50455, 57126, 57008, 57206, 12134, 57102, 50546, 57164, 57099, 57181, 57110, 57129, 12199, 57039, 57205, 57001, 57026, 57168, 57055, 57007, 12040, 50111, 57082, 57029, 50337, 50117, 57161, 12014, 57179, 57093, 57042, 57021, 57115, 57014, 57195, 57188, 57018, 57016, 57219, 57034, 57136, 57048, 57210, 57086, 57157, 57151, 57106, 57159, 57047, 57012, 57209, 57189, 50477, 12174, 50052, 50165, 57187, 50540, 57059, 12136, 57215, 57073, 12112, 57092, 57060, 57166, 57006, 57076, 57104, 57186, 59037, 50115, 50050, 50020, 57040, 57144, 57196, 13036, 57022, 57079, 72024, 57095, 57152, 57084, 57005, 57046, 50153, 57066, 57221, 50389, 50125, 50260, 57063, 57142, 12228, 57091, 57225, 57023, 57165, 57213, 57045, 50262, 50354, 57169, 50339, 12097, 50473, 50026, 50384, 57107, 57121, 57197, 57222, 59067, 57120, 57050, 57087, 12218, 57122, 57182, 70014, 12238, 17019, 16221, 12128, 17901, 17258, 16154, 16200, 17727, 17884, 16054, 17361, 16105, 72045, 17427, 17193, 50464, 17086, 17206, 72040, 17270, 50049, 17552, 12022, 17488, 17119, 17711, 16241, 16246, 17794, 17444, 17204, 50395, 50557, 50535, 50248, 50070, 17505, 16205, 17212, 50009, 17056, 17455, 17379, 17092, 17754, 17338, 17373, 17393, 17729, 17076, 17715, 17397, 17680, 50520, 50498, 17602, 17458, 50526, 12043, 12246, 50300, 16201, 50316, 17005, 17186, 17400, 13067, 72030, 17217, 16143, 17640, 50014, 17547, 17287, 17876, 16048, 50225, 50548, 50375, 17782, 50353, 50446, 17926, 17586, 17617, 17855, 17510, 17723, 17504, 17524, 16075, 17621, 16029, 17530, 17630, 17763, 17849, 17628, 17051, 17785, 17870, 17696, 50194, 50182, 50142, 70030, 50320, 17165, 57163, 58076, 58072, 58049, 58036, 59058, 50083, 50483, 17323, 17866, 17554, 55205, 17850, 
-------------------------------------------------------------
Additional Photos Show 'No Foto':
No issues
-------------------------------------------------------------
No Auction Sheet:
No issues
-------------------------------------------------------------
