#############################################################
USS SHIZUOKA Errors: 

Data Collection lasted for 2 minutes and 41.7 seconds.
Error checking completed within 10 minutes and 16.8 seconds.
Finished checking on Friday, 05. April 2019 11:27PM 
#############################################################
No Main Image:
No issues
-------------------------------------------------------------
Japanese Characters:
No issues
-------------------------------------------------------------
Unknown Year/Make/Model:
No issues
-------------------------------------------------------------
Unknown Chassis Prefix:
No issues
-------------------------------------------------------------
No Transmission/Color/Fuel Type:
No issues
-------------------------------------------------------------
No Equipment:
No issues
-------------------------------------------------------------
Missing Yor:
No issues
-------------------------------------------------------------
No Yor Image:
110997543, 111002896, 110997665, 110997691, 110997921, 111004039, 110998107, 110999759, 110997986, 110999835, 110997944, 110999789, 111003932, 110997723, 111003949, 110998024, 110999608, 110997685, 110999637, 110997697, 110997983, 110997687, 110997746, 110997628, 110996358, 110997884, 110998222, 111002900, 111004051, 110998133, 110998111, 110999566, 110996346, 110997670, 111003936, 111003931, 110998080, 110998110, 111002954, 110999755, 110997738, 110997912, 111007608, 110999803, 110997974, 111002942, 110997971, 110999581, 110997407, 110999781, 110997564, 110997682, 110997943, 110998029, 110997769, 111003941, 111003937, 110997709, 110999574, 110996333, 110997931, 111003969, 110999832, 110999624, 111003951, 110999606, 110998043, 110999782, 110998165, 111002964, 111004035, 111004034, 110998175, 110999740, 110998218, 111004014, 110999610, 110997823, 111003959, 110999796, 110997710, 110997575, 110999569, 110997666, 110996363, 110997751, 110999584, 110999616, 110998077, 110998000, 110998130, 110998144, 110998168, 110998090, 110998081, 110998036, 110998069, 110999617, 110999558, 110999614, 110999641, 111003968, 111003930, 110997856, 111003952, 110997783, 110998126, 110998089, 110996352, 110998061, 110998162, 110998091, 111002961, 110997872, 111004008, 110999769, 110997852, 110997952, 110998199, 110999629, 110998119, 111004055, 110998092, 110998147, 111007618, 110998098, 110998228, 110998205, 110999732, 110999800, 111002898, 111007590, 111003924, 110997936, 110996365, 110997947, 111007621, 110997844, 110999677, 111003991, 110997744, 110997462, 111002969, 110998114, 110999727, 110999710, 110997821, 110997964, 110997846, 110998220, 110998221, 110997950, 110998001, 111003981, 110999833, 110997989, 110998055, 110997998, 110997827, 110998105, 110997918, 110997975, 110997560, 110997661, 110997735, 110998211, 110999697, 111002920, 110999699, 110999726, 110998150, 110999607, 110998030, 111007589, 110998233, 110997559, 110997773, 110998232, 110998117, 110998224, 110998210, 110998087, 111002971, 110999633, 111004063, 110998156, 110999821, 110998203, 110997646, 110999817, 110997573, 111002895, 110998084, 110997949, 111004043, 111004038, 110997774, 111007588, 111002910, 111007615, 111002950, 110997700, 110997558, 110999621, 110998083, 110998134, 111004056, 110998064, 111007591, 111007598, 111004025, 110997622, 111002970, 110997561, 110997742, 110998129, 110998008, 110997795, 110998102, 110997797, 110999589, 110997686, 110998027, 110999564, 110997745, 110999609, 110997721, 110997903, 110996354, 110997825, 110997457, 110997614, 110997461, 110997441, 110997469, 110997460, 110997498, 111003982, 110997981, 110998034, 110997459, 110997995, 110999856, 110997605, 110999774, 111002948, 110998202, 110997473, 110997609, 111004013, 110998208, 110999799, 110997432, 111007581, 110997734, 110997533, 110998157, 110997415, 110997603, 110999679, 110997421, 110997570, 110997922, 110997412, 110997516, 110997451, 110997430, 110997654, 110997531, 110997480, 110996373, 110997945, 110997865, 110997502, 110997867, 110999801, 111003983, 111003990, 110999752, 110996336, 111004009, 111003988, 111003907, 110999565, 110997544, 110997542, 110999795, 110997739, 110998041, 110997608, 110997483, 110999667, 110997885, 111002881, 110999656, 111003963, 110997595, 110997778, 110999763, 110997962, 

Shuppin: 

115, 158, 30007, 30042, 70346, 75069, 75089, 70147, 70455, 70270, 70381, 70199, 30044, 30089, 40094, 70515, 40087, 30033, 40133, 30053, 70448, 30038, 35032, 214, 165, 70067, 80157, 35031, 80101, 80006, 75096, 40019, 149, 30012, 30064, 30036, 75046, 75094, 70472, 70139, 35018, 70330, 70388, 70223, 70435, 70416, 70432, 40041, 100, 70184, 15, 30030, 70380, 70524, 40004, 40044, 30068, 30070, 40031, 108, 70360, 54, 70266, 40113, 40110, 40082, 70541, 70189, 80061, 80031, 75039, 75037, 80077, 70119, 80152, 70324, 40090, 62, 40135, 70211, 30071, 198, 40024, 30008, 172, 35040, 40047, 40101, 75043, 70478, 80002, 80028, 80066, 75059, 75047, 70531, 75031, 40102, 40006, 40096, 50001, 50016, 30001, 70022, 40122, 48, 79, 75058, 156, 75020, 80056, 75061, 80013, 70045, 70307, 70163, 70015, 70393, 80120, 40118, 75116, 80118, 75062, 80032, 75103, 75076, 87, 80130, 70102, 70217, 178, 35017, 232, 70368, 174, 70384, 88, 70007, 55025, 70091, 35025, 10077, 80053, 75107, 62001, 61023, 60061, 70419, 70009, 80154, 80156, 70387, 70479, 70002, 70267, 70461, 75012, 70475, 62005, 75085, 70337, 70437, 135, 30003, 35010, 80142, 61001, 61007, 61012, 61046, 80038, 40086, 70525, 35015, 96, 134, 45002, 95, 75111, 82, 80141, 75056, 80059, 40125, 80155, 80048, 70250, 80128, 236, 70245, 195, 146, 75050, 70386, 80063, 75065, 45003, 35013, 40038, 75097, 70452, 30057, 131, 40108, 75049, 80007, 80122, 75023, 35027, 60020, 70490, 207, 80055, 136, 35023, 80001, 70492, 60010, 75081, 60014, 40052, 30034, 70519, 40016, 35028, 40089, 30087, 70094, 161, 62003, 10072, 20052, 10076, 10052, 10087, 10075, 10129, 70004, 70445, 70529, 10074, 70469, 70302, 20038, 70171, 70446, 80126, 10094, 20043, 70319, 80135, 70216, 10040, 10026, 35009, 10177, 80049, 10011, 20036, 55027, 10022, 191, 70350, 10007, 10154, 10063, 10034, 243, 10172, 10102, 92, 70382, 70034, 10133, 70039, 70218, 70018, 70085, 70135, 113, 70312, 70073, 186, 40018, 116, 114, 70210, 35019, 70539, 20042, 10107, 55008, 70068, 10051, 50026, 45001, 20024, 45007, 70155, 70417, 
-------------------------------------------------------------
Additional Photos Show 'No Foto':
No issues
-------------------------------------------------------------
No Auction Sheet:
No issues
-------------------------------------------------------------
