#############################################################
USS Nagoya Errors: 

Data Collection lasted for 19 minutes and 54.1 seconds.
Error checking completed within 0.1 seconds.
Finished checking on Friday, 20. December 2019 07:29AM 
#############################################################

No Main Image:
No issues
-------------------------------------------------------------
Japanese Characters:
No issues
-------------------------------------------------------------
Unknown Year/Make/Model:
115944997, 115944033, 115944043, 115944068, 115942823, 115942829, 115942832, 115942553, 115942916, 115959403, 115959540, 115959545, 

Shuppin: 

58120, 58136, 58151, 58258, 20005, 20013, 20019, 20204, 20309, 20395, 20604, 20609, 
-------------------------------------------------------------
Unknown Chassis Prefix:
115947743, 115947746, 115953336, 115944962, 115946293, 115946309, 115963017, 115943988, 115943997, 115944038, 115959656, 115961150, 115944049, 115959661, 115944056, 115942964, 115955382, 115959707, 115959716, 115959765, 115959766, 115963087, 115942829, 115959254, 115961915, 115961785, 115959290, 115942901, 115942119, 115942538, 115942903, 115942539, 115942543, 115959314, 115959318, 115942553, 115959323, 115959324, 115959345, 115942592, 115942594, 115942916, 115959389, 115959392, 115942616, 115942617, 115959401, 115942629, 115942631, 115942630, 115942928, 115959402, 115942634, 115959420, 115959424, 115959423, 115942652, 115942656, 115942657, 115959447, 115959454, 115942674, 115959473, 115959481, 115959484, 115959485, 115959514, 115959532, 115959534, 115959535, 115959536, 115959540, 115959544, 115959545, 115959547, 115955674, 115963229, 115961799, 115961806, 115961941, 115961812, 115961815, 115961814, 115961813, 115962998, 115962999, 115942675, 115942677, 

Shuppin: 

25031, 25037, 25084, 35022, 35146, 35176, 35196, 58050, 58068, 58144, 58153, 30171, 58160, 58170, 58173, 58244, 11200, 58292, 58301, 58365, 58366, 58368, 20013, 20014, 20034, 20042, 20128, 20155, 40170, 20177, 20176, 20178, 20186, 20191, 20205, 20204, 20218, 20220, 20273, 20274, 20280, 20309, 20356, 20363, 20365, 20368, 20389, 20390, 20393, 20391, 20394, 20392, 20399, 20422, 20426, 20425, 20447, 20462, 20464, 20472, 20480, 20515, 20517, 20527, 20531, 20532, 20569, 20593, 20595, 20597, 20598, 20604, 20608, 20609, 20611, 20647, 20663, 20661, 20681, 20686, 20692, 20695, 20694, 20693, 20698, 20699, 43001, 43004, 
-------------------------------------------------------------
No Transmission/Color/Fuel Type:
115947743, 115947746, 115953336, 115947091, 115963104, 115944962, 115946293, 115946309, 115963017, 115943988, 115943997, 115944038, 115959656, 115961150, 115944049, 115959661, 115944056, 115961839, 115942964, 115955382, 115959707, 115959716, 115959737, 115959765, 115959766, 115963087, 115942829, 115959254, 115961915, 115961785, 115954869, 115959290, 115942901, 115942119, 115942538, 115942903, 115942539, 115942543, 115959314, 115959318, 115942553, 115959323, 115959324, 115942187, 115959345, 115942592, 115942594, 115942916, 115959373, 115959389, 115959392, 115942616, 115942617, 115959401, 115942629, 115942631, 115942630, 115942928, 115959402, 115942634, 115959420, 115959424, 115959423, 115942643, 115942652, 115942656, 115942657, 115959447, 115959454, 115959456, 115942674, 115959473, 115943880, 115959481, 115959484, 115959485, 115959514, 115959532, 115959534, 115959535, 115959536, 115959540, 115955028, 115959544, 115959545, 115959547, 115955674, 115942230, 115963229, 115961799, 115955052, 115961806, 115961941, 115961812, 115961942, 115961815, 115961814, 115961813, 115962998, 115962999, 115942675, 115955091, 115942677, 115955700, 115955126, 

Shuppin: 

25031, 25037, 25084, 8337, 60380, 35022, 35146, 35176, 35196, 58050, 58068, 58144, 58153, 30171, 58160, 58170, 58173, 58216, 58244, 11200, 58292, 58301, 58329, 58365, 58366, 58368, 20013, 20014, 20034, 20042, 40040, 20128, 20155, 40170, 20177, 20176, 20178, 20186, 20191, 20205, 20204, 20218, 20220, 40285, 20273, 20274, 20280, 20309, 20337, 20356, 20363, 20365, 20368, 20389, 20390, 20393, 20391, 20394, 20392, 20399, 20422, 20426, 20425, 20431, 20447, 20462, 20464, 20472, 20480, 20483, 20515, 20517, 3963, 20527, 20531, 20532, 20569, 20593, 20595, 20597, 20598, 20604, 40716, 20608, 20609, 20611, 20647, 40781, 20663, 20661, 40793, 20681, 20686, 20692, 20696, 20695, 20694, 20693, 20698, 20699, 43001, 40845, 43004, 43005, 40884, 
-------------------------------------------------------------
No Equipment:
No issues
-------------------------------------------------------------
Additional Photos Show 'No Foto':
No issues
-------------------------------------------------------------
No Auction Sheet:
No issues
-------------------------------------------------------------
