#############################################################
USS Tokyo Errors: 

Data Collection lasted for 38 minutes and 29.0 seconds.
Error checking completed within 0.1 seconds.
Finished checking on Thursday, 05. September 2019 07:01AM 
#############################################################

No Main Image:
No issues
-------------------------------------------------------------
Japanese Characters:
No issues
-------------------------------------------------------------
Unknown Year/Make/Model:
113871826, 113871743, 113869763, 113872849, 113872848, 113877056, 113864089, 113877099, 113876067, 113879255, 113869803, 113877055, 113872762, 113869804, 113872872, 113871727, 113869759, 113872943, 113871736, 113863885, 113884652, 113875735, 113877341, 113876027, 

Shuppin: 

80046, 70158, 65081, 70163, 70162, 70232, 75403, 70276, 84254, 75390, 70143, 70231, 65129, 70144, 73002, 65108, 65077, 75239, 70149, 70048, 75757, 73035, 73488, 75550, 
-------------------------------------------------------------
Unknown Chassis Prefix:
113877092, 113872753, 113863891, 113877099, 113869798, 113877515, 113877555, 113876067, 113872978, 113876042, 113872756, 113876999, 113872760, 113876979, 113877106, 113869799, 113884716, 113869797, 113884751, 113877087, 113876998, 113864043, 113879255, 113872852, 113876997, 113864158, 113869803, 113871779, 113884620, 113877055, 113879215, 113869795, 113877017, 113879256, 113877015, 113872762, 113877117, 113863835, 113884666, 113879241, 113877001, 113869800, 113869802, 113871737, 113877000, 113877086, 113869804, 113872872, 113869808, 113864098, 113864146, 113871727, 113884587, 113872906, 113875831, 113871821, 113877033, 113867357, 113877006, 113876960, 113869796, 113884810, 113877004, 113877088, 113876006, 113869801, 113875832, 113869911, 113867363, 113872761, 113871780, 113869759, 113872943, 113871736, 113877421, 113884788, 113877014, 113877085, 113877073, 113876066, 113877040, 113875973, 113877217, 113877116, 113884639, 113884677, 113876985, 113877119, 113875714, 113884545, 113876959, 113867249, 113875932, 113883682, 113869793, 113879214, 113879217, 113877016, 113863887, 113877003, 113876007, 113875902, 113876994, 113871768, 113863885, 113869794, 

Shuppin: 

70269, 65120, 70062, 70276, 70137, 77043, 77083, 84254, 77005, 77028, 65123, 70022, 65127, 70002, 70285, 70138, 80220, 70136, 80261, 70264, 70021, 75130, 75390, 70167, 70020, 80122, 70143, 75469, 75709, 70231, 70027, 70134, 70043, 75392, 70041, 65129, 70298, 65017, 75779, 75087, 70024, 70139, 70142, 70150, 70023, 70263, 70144, 73002, 73198, 75413, 80108, 65108, 75659, 73749, 75058, 80040, 70156, 75170, 70031, 65022, 70135, 80332, 70029, 70265, 75527, 70141, 75059, 75463, 75176, 65128, 75470, 65077, 75239, 70149, 73600, 80308, 70040, 70262, 70250, 84178, 70214, 75360, 73281, 70297, 75736, 80177, 70008, 70300, 70198, 75593, 65021, 65068, 75311, 70140, 70132, 70026, 70052, 70042, 70054, 70028, 75528, 75277, 70017, 75212, 70048, 70133, 
-------------------------------------------------------------
No Transmission/Color/Fuel Type:
113869853, 113871826, 113877400, 113874035, 113867281, 113884774, 113868406, 113884615, 113877428, 113872893, 113877461, 113867358, 113873472, 113869763, 113863730, 113867165, 113863738, 113884391, 113884423, 113866777, 113873855, 113875853, 113872853, 113876652, 113872959, 113867241, 113876953, 113876861, 113868828, 113871731, 113871734, 113863838, 113871811, 113863210, 113863177, 113872716, 113875857, 113877092, 113872753, 113863891, 113877099, 113869798, 113877515, 113877555, 113876067, 113872978, 113876042, 113872756, 113876999, 113872760, 113876979, 113877106, 113869799, 113884716, 113869797, 113884751, 113877087, 113876998, 113864043, 113879255, 113872852, 113876997, 113864158, 113869803, 113871779, 113884620, 113877055, 113879215, 113869795, 113877017, 113879256, 113877015, 113872762, 113877117, 113863835, 113884666, 113879241, 113877001, 113869800, 113869802, 113871737, 113877000, 113877086, 113869804, 113872872, 113869808, 113864098, 113864146, 113871727, 113884587, 113872906, 113875831, 113871821, 113877033, 113867357, 113877006, 113876960, 113869796, 113884810, 113877004, 113877088, 113876006, 113869801, 113875832, 113869911, 113867363, 113872761, 113871780, 113869759, 113872943, 113871736, 113877421, 113884788, 113877014, 113877085, 113877073, 113876066, 113877040, 113875973, 113877217, 113877116, 113884639, 113884677, 113876985, 113877119, 113875714, 113884545, 113876959, 113867249, 113875932, 113883682, 113869793, 113879214, 113879217, 113877016, 113863887, 113877003, 113876007, 113875902, 113876994, 113871768, 113863885, 113869794, 113875336, 113871619, 113869655, 113863884, 

Shuppin: 

73722, 80046, 73579, 73530, 73173, 80291, 10197, 75700, 73607, 73254, 73771, 75171, 86652, 65081, 40463, 40239, 40471, 40615, 40675, 10176, 20029, 75084, 70168, 218, 75485, 65060, 65008, 484, 25242, 65112, 70146, 65020, 80028, 10162, 10116, 40620, 75090, 70269, 65120, 70062, 70276, 70137, 77043, 77083, 84254, 77005, 77028, 65123, 70022, 65127, 70002, 70285, 70138, 80220, 70136, 80261, 70264, 70021, 75130, 75390, 70167, 70020, 80122, 70143, 75469, 75709, 70231, 70027, 70134, 70043, 75392, 70041, 65129, 70298, 65017, 75779, 75087, 70024, 70139, 70142, 70150, 70023, 70263, 70144, 73002, 73198, 75413, 80108, 65108, 75659, 73749, 75058, 80040, 70156, 75170, 70031, 65022, 70135, 80332, 70029, 70265, 75527, 70141, 75059, 75463, 75176, 65128, 75470, 65077, 75239, 70149, 73600, 80308, 70040, 70262, 70250, 84178, 70214, 75360, 73281, 70297, 75736, 80177, 70008, 70300, 70198, 75593, 65021, 65068, 75311, 70140, 70132, 70026, 70052, 70042, 70054, 70028, 75528, 75277, 70017, 75212, 70048, 70133, 12120, 40279, 50067, 70047, 
-------------------------------------------------------------
No Equipment:
No issues
-------------------------------------------------------------
Additional Photos Show 'No Foto':
No issues
-------------------------------------------------------------
No Auction Sheet:
No issues
-------------------------------------------------------------
