#############################################################
JAA Errors: 

Data Collection lasted for 17 minutes and 38.2 seconds.
Error checking completed within 0.1 seconds.
Finished checking on Wednesday, 22. May 2019 09:45AM 
#############################################################

No Main Image:
No issues
-------------------------------------------------------------
Japanese Characters:
No issues
-------------------------------------------------------------
Unknown Year/Make/Model:
111849687, 111870245, 111849926, 111871646, 111849649, 111852294, 111851773, 111871736, 111852521, 111852680, 111852641, 111852651, 111871725, 111852646, 111852608, 111852676, 111852751, 111870369, 111852703, 111852656, 111852672, 111852684, 111852777, 111871714, 111852657, 111852688, 111852622, 111852569, 111852618, 111852667, 111852507, 

Shuppin: 

16070, 16268, 23004, 21181, 16011, 23240, 16069, 27380, 27008, 27168, 27129, 27139, 27368, 27134, 27095, 27164, 27239, 27345, 27191, 27144, 27160, 27172, 27266, 24022, 27145, 27176, 27110, 27056, 27106, 27155, 26007, 
-------------------------------------------------------------
Unknown Chassis Prefix:
111871736, 111852521, 111852680, 111852641, 111858696, 111852693, 111852651, 111871715, 111852496, 111852808, 111871725, 111871745, 111852646, 111852608, 111852676, 111852751, 111870369, 111852703, 111852544, 111852656, 111852672, 111852684, 111852777, 111871714, 111852657, 111852688, 111870366, 111852622, 111852569, 111852612, 111852618, 111852541, 111852589, 111852613, 111852626, 111852574, 111852519, 111852631, 111852580, 111852667, 

Shuppin: 

27380, 27008, 27168, 27129, 27260, 27181, 27139, 24024, 25016, 27297, 27368, 27394, 27134, 27095, 27164, 27239, 27345, 27191, 27031, 27144, 27160, 27172, 27266, 24022, 27145, 27176, 27342, 27110, 27056, 27100, 27106, 27028, 27076, 27101, 27114, 27061, 27006, 27119, 27067, 27155, 
-------------------------------------------------------------
No Transmission/Color/Fuel Type:
111852543, 111852827, 111849687, 111870245, 111849926, 111871646, 111849649, 111852294, 111851773, 111871736, 111852521, 111852680, 111852641, 111858696, 111852693, 111852651, 111871715, 111852496, 111852808, 111871725, 111871745, 111852646, 111852608, 111852676, 111852751, 111870369, 111852703, 111852544, 111852656, 111852672, 111852684, 111852777, 111871714, 111852657, 111852688, 111870366, 111852622, 111852569, 111852612, 111852618, 111852541, 111852589, 111852613, 111852626, 111852574, 111852519, 111852631, 111852580, 111852667, 111852507, 

Shuppin: 

27030, 27318, 16070, 16268, 23004, 21181, 16011, 23240, 16069, 27380, 27008, 27168, 27129, 27260, 27181, 27139, 24024, 25016, 27297, 27368, 27394, 27134, 27095, 27164, 27239, 27345, 27191, 27031, 27144, 27160, 27172, 27266, 24022, 27145, 27176, 27342, 27110, 27056, 27100, 27106, 27028, 27076, 27101, 27114, 27061, 27006, 27119, 27067, 27155, 26007, 
-------------------------------------------------------------
No Equipment:
No issues
-------------------------------------------------------------
Additional Photos Show 'No Foto':
No issues
-------------------------------------------------------------
No Auction Sheet:
No issues
-------------------------------------------------------------
