#############################################################
USS Nagoya Errors: 

Data Collection lasted for 30 minutes and 28.3 seconds.
Error checking completed within 0.1 seconds.
Finished checking on Friday, 06. March 2020 08:25AM 
#############################################################

No Main Image:
No issues
-------------------------------------------------------------
Japanese Characters:
117260404, 117260599, 117260759, 117257627, 

Shuppin: 

58548, 60294, 60453, 20524, 
-------------------------------------------------------------
Unknown Year/Make/Model:
117242211, 117244972, 117241764, 117241773, 117257441, 117242198, 117242211, 117257509, 117257530, 117257532, 117257566, 117257569, 117244972, 117257584, 117257603, 117257604, 117241941, 117241946, 117241953, 117257664, 117257700, 117257804, 117257831, 

Shuppin: 

20295, 50922, 20062, 20077, 20083, 20266, 20295, 20299, 20349, 20353, 20405, 20409, 50922, 20439, 20483, 20485, 20521, 20535, 20563, 20576, 20617, 20722, 20749, 
-------------------------------------------------------------
Unknown Chassis Prefix:
No issues
-------------------------------------------------------------
No Transmission/Color/Fuel Type:
117258246, 117257747, 117257759, 117241920, 117242284, 117242514, 117242330, 117240737, 117257257, 117260437, 117241736, 117240912, 117242152, 117241762, 117257434, 117241763, 117241766, 117241765, 117257435, 117241764, 117241773, 117257441, 117257089, 117257453, 117257461, 117242173, 117241834, 117242189, 117257475, 117241859, 117242198, 117257492, 117258626, 117242205, 117257509, 117241873, 117241071, 117257514, 117241879, 117242229, 117257531, 117257532, 117257533, 117242230, 117257566, 117257569, 117241888, 117257580, 117257579, 117257582, 117257584, 117241904, 117241920, 117257603, 117241923, 117257604, 117241924, 117257623, 117257625, 117241941, 117257624, 117257628, 117241948, 117241946, 117257636, 117257639, 117257643, 117257646, 117257653, 117241953, 117257655, 117257659, 117257664, 117257700, 117257699, 117257698, 117257703, 117257702, 117257705, 117257715, 117257740, 117265477, 117257747, 117265480, 117257759, 117257782, 117257799, 117257804, 117257811, 117259692, 117257831, 117257832, 117257834, 117257833, 117258246, 117240737, 117258072, 

Shuppin: 

35344, 20666, 20678, 20479, 58043, 58343, 58107, 40568, 1424, 58581, 20011, 11231, 20058, 20059, 20061, 20060, 20064, 20063, 20065, 20062, 20077, 20083, 11365, 20127, 20155, 20178, 20187, 20233, 20232, 20246, 20266, 20272, 4024, 20288, 20299, 20306, 40215, 20315, 20326, 20354, 20352, 20353, 20356, 20355, 20405, 20409, 20414, 20429, 20428, 20431, 20439, 20458, 20479, 20483, 20482, 20485, 20484, 20518, 20522, 20521, 20520, 20525, 20537, 20535, 20540, 20545, 20549, 20554, 20561, 20563, 20565, 20569, 20576, 20617, 20616, 20615, 20620, 20619, 20622, 20632, 20657, 43005, 20666, 43008, 20678, 20700, 20717, 20722, 20729, 51244, 20749, 20750, 20752, 20751, 35344, 40568, 35056, 
-------------------------------------------------------------
No Equipment:
No issues
-------------------------------------------------------------
Additional Photos Show 'No Foto':
No issues
-------------------------------------------------------------
No Auction Sheet:
No issues
-------------------------------------------------------------
