#############################################################
USS Tokyo Errors: 

Data Collection lasted for 23 minutes and 10.9 seconds.
Error checking completed within 0.1 seconds.
Finished checking on Thursday, 31. October 2019 06:29AM 
#############################################################

No Main Image:
No issues
-------------------------------------------------------------
Japanese Characters:
No issues
-------------------------------------------------------------
Unknown Year/Make/Model:
115002187, 114980505, 115003476, 114978348, 115003548, 115003713, 114979675, 

Shuppin: 

10239, 65061, 70379, 73261, 74144, 75898, 75030, 
-------------------------------------------------------------
Unknown Chassis Prefix:
114979101, 115003819, 114992208, 114980549, 114987232, 114992230, 114994360, 114979289, 114992770, 114992207, 114979871, 114992573, 114979277, 114979373, 114979452, 114979863, 114987101, 114987042, 114980505, 115003736, 115003968, 114986690, 114982085, 114987153, 114992799, 114982098, 114980695, 114992776, 114992179, 115003431, 114979451, 115003476, 114979718, 114978510, 114990477, 114986696, 115003490, 115003461, 114979454, 114985353, 114992659, 115003841, 114979364, 114979352, 114992495, 115003452, 114986691, 114985467, 115003769, 114992530, 114979453, 114992532, 114978506, 115003943, 114982088, 114992206, 115003703, 114992543, 114987114, 114979455, 115003468, 114986886, 114993429, 

Shuppin: 

12104, 80312, 80093, 70026, 77172, 80184, 80095, 77081, 77140, 80085, 75301, 73643, 77065, 70051, 70162, 75290, 75572, 75489, 65061, 77232, 82505, 70195, 70023, 75651, 77202, 70111, 75034, 77159, 74067, 65117, 70161, 70379, 75087, 73673, 82215, 70203, 70393, 70363, 70164, 3073, 75622, 80338, 70040, 70021, 65114, 70353, 70197, 40153, 80250, 70327, 70163, 70329, 73571, 80450, 70046, 77170, 75888, 70341, 75589, 70165, 70371, 73977, 82407, 
-------------------------------------------------------------
No Transmission/Color/Fuel Type:
115003668, 114979848, 114980580, 114979705, 115003507, 115003366, 115002379, 114979715, 115002744, 115002187, 114979101, 115003819, 114992208, 114980549, 114987232, 114992230, 114994360, 114979289, 114992770, 114992207, 114979871, 114992573, 114979277, 114979373, 114979452, 114979863, 114987101, 114987042, 114980505, 115003736, 115003968, 114986690, 114982085, 114987153, 114992799, 114982098, 114980695, 114992776, 114992179, 115003431, 114979451, 115003476, 114979718, 114978510, 114990477, 114986696, 115003490, 115003461, 114979454, 114985353, 114992659, 115003841, 114979364, 114979352, 114992495, 115003452, 114986691, 114985467, 115003769, 114992530, 114979453, 114992532, 114978506, 115003943, 114982088, 114992206, 115003703, 114992543, 114987114, 114979455, 115003468, 114986886, 114993429, 114978348, 114985170, 

Shuppin: 

75852, 75268, 73029, 75070, 74103, 40639, 26049, 75082, 75798, 10239, 12104, 80312, 80093, 70026, 77172, 80184, 80095, 77081, 77140, 80085, 75301, 73643, 77065, 70051, 70162, 75290, 75572, 75489, 65061, 77232, 82505, 70195, 70023, 75651, 77202, 70111, 75034, 77159, 74067, 65117, 70161, 70379, 75087, 73673, 82215, 70203, 70393, 70363, 70164, 3073, 75622, 80338, 70040, 70021, 65114, 70353, 70197, 40153, 80250, 70327, 70163, 70329, 73571, 80450, 70046, 77170, 75888, 70341, 75589, 70165, 70371, 73977, 82407, 73261, 25686, 
-------------------------------------------------------------
No Equipment:
No issues
-------------------------------------------------------------
Additional Photos Show 'No Foto':
No issues
-------------------------------------------------------------
No Auction Sheet:
No issues
-------------------------------------------------------------
