#############################################################
CAA LUM TOKYO (TENDER) Errors: 

Data Collection lasted for 2 minutes and 25.4 seconds.
Error checking completed within 0.0 seconds.
Finished checking on Wednesday, 13. March 2019 01:22PM 
#############################################################
Japanese Characters:
No issues
-------------------------------------------------------------
Unknown Year/Make/Model:
No issues
-------------------------------------------------------------
Unknown Chassis Prefix:
No issues
-------------------------------------------------------------
No Transmission/Color/Fuel Type:
110380577,
-------------------------------------------------------------
No Equipment:
No issues
-------------------------------------------------------------
Missing Yor:
110380691,
110387247,
110374697,
110374755,
110387233,
110387243,
110387234,
110374764,
110387232,
110380693,
110380545,
110380630,
110374798,
110380567,
110380645,
110380530,
110380554,
110380552,
110380536,
110380593,
110380539,
110380538,
110380555,
110380537,
110380553,
110380535,
110380609,
110380617,
110380644,
110380588,
110380619,
110380587,
110380640,
110380543,
110380678,
110380670,
110380523,
110380677,
110380696,
110380665,
110380664,
110380663,
110380676,
110374780,
110374698,
110374789,
110374756,
110374791,
110374690,
110374694,
110374711,
110374699,
110374692,
110374686,
110374689,
110374774,
110380584,
110380578,
110380579,
110380575,
110380580,
110380586,
110380597,
110380642,
110380666,
110380612,
110380694,
110380620,
110380629,
110380532,
110380621,
110380604,
110380525,
110380661,
110380634,
110380569,
110380598,
110380599,
110380622,
110380527,
110380571,
110380658,
110380652,
110380647,
110380528,
110380558,
110380648,
110380547,
110380522,
110380557,
110380526,
110380549,
110380675,
110380591,
110380611,
110380546,
110380667,
110374751,
110374829,
110374786,
110374823,
110380566,
110380562,
110380563,
110380590,
110380565,
110380520,
110380702,
110380572,
110380618,
110380600,
110380626,
110380625,
110380529,
110380655,
110380616,
110380656,
110380628,
110380657,
110380660,
110380659,
110380574,
110380690,
110380589,
110380646,
110380636,
110380627,
110380615,
110380614,
110380639,
110380632,
110380651,
110380669,
110380601,
110380541,
110374779,
110380635,
110380534,
110380533,
110380672,
110387242,
110387235,
110374705,
110374773,
110380683,
110374815,
110374709,
110374808,
110374811,
110374809,
110374810,
110374812,
110374843,
110380701,
110380638,
110380544,
110380610,
110380560,
110380605,
110380607,
110380564,
110380561,
110380531,
110380699,
110380698,
110380700,
110380697,
110380573,
110380550,
110387244,
110387248,
110380688,
110380679,
110380680,
110380641,
110380649,
110380608,
110380603,
110380637,
110374840,
110380577,
110374706,
110374684,
110374824,
110374833,
110374820,
110374682,
110374782,
110374759,
110374796,
110374761,
110374806,
110374728,
110374838,
110374720,
110374768,
110374725,
110374776,
110374749,
110374707,
110374830,
110374817,
110374741,
110374816,
110374832,
110374813,
110374826,
110374839,
110374834,
110374769,
110374713,
110374719,
110374835,
110374745,
110374772,
110374679,
110374792,
110374727,
110374702,
110374704,
110374677,
110374708,
110387246,
110387245,
110374676,
110374721,
110374726,
110374821,
110374822,
110387236,
110387240,
110387238,
110387241,
110387239,
110374783,
110374723,
110374790,
110374678,
110374738,
110374732,
110374750,
110374736,
110374737,
110374752,
110374740,
110374739,
110374801,
110374777,
110374818,
110374787,
110374819,
110374778,
110374717,
110374836,
110374753,
110380643,
110380606,
110374754,
110380556,
110380524,
110380650,
110380674,
110380671,
110380559,
110380594,
110380654,
110380653,
110380568,
110380633,
110380613,
110380668,
110380681,
110380685,
110380682,
110380689,
110380687,
110380686,
110380576,
110374729,
110374827,
110374743,
110374673,
110374765,
110374845,
110380548,
110380521,
110374842,
110380595,
110380684,
110380624,
110380623,
110374683,
110374685,
110380695,
110380540,
110380570,
110374714,
110380551,
110374700,
110374691,
110374763,
110374687,
110374733,
110374718,
110374715,
110374841,
110374767,
110374794,
110374722,
110374757,
110374771,
110374746,
110374747,
110374674,
110374672,
110374831,
110374760,
110380592,
110380631,
110380602,
110380673,
110374701,
110374785,
110374734,
110374804,
110374758,
110374762,
110374693,
110374688,
110374828,
110374825,
110374797,
110374795,
110374814,
110374731,
110374802,
110374784,
110374800,
110374799,
110374803,
110374703,
110380662,
110380581,
110374748,
110374766,
110374716,
110374680,
110387249,
110380542,
110380692,
110374793,
110374788,
110374781,
110374742,
110374681,
110374770,
110374675,
110374807,
110374805,
110374744,
110374710,
110374724,
110374844,
110374712,
110374730,
110374837,
110374695,
110374696,
110374775,
110374735,
-------------------------------------------------------------
No Yor Image:
No issues
-------------------------------------------------------------
