#############################################################
USS Tokyo Errors: 

Data Collection lasted for 37 minutes and 49.9 seconds.
Error checking completed within 0.1 seconds.
Finished checking on Thursday, 03. October 2019 07:31AM 
#############################################################

No Main Image:
No issues
-------------------------------------------------------------
Japanese Characters:
No issues
-------------------------------------------------------------
Unknown Year/Make/Model:
114411314, 114427515, 114424456, 114409993, 114429304, 114411193, 114427596, 114427124, 114414415, 114411295, 114435690, 114411250, 114427255, 114424431, 114424645, 114424643, 114411384, 

Shuppin: 

70161, 75620, 73596, 73181, 73854, 70010, 77140, 70270, 65068, 70139, 75771, 70071, 75360, 73459, 73793, 73790, 75218, 
-------------------------------------------------------------
Unknown Chassis Prefix:
114414166, 114436513, 114435673, 114411299, 114414402, 114409790, 114436522, 114429247, 114427670, 114436583, 114427098, 114411355, 114427229, 114414360, 114411194, 114427142, 114411203, 114411297, 114427285, 114435652, 114427236, 114427284, 114413177, 114420928, 114435479, 114435627, 114411249, 114435651, 114411292, 114421035, 114411207, 114411395, 114436526, 114427596, 114420831, 114411517, 114411214, 114427124, 114427068, 114429399, 114424468, 114411312, 114411303, 114411310, 114411294, 114436514, 114427067, 114420893, 114427373, 114411300, 114411189, 114420979, 114427108, 114429190, 114435582, 114424919, 114427099, 114427348, 114427066, 114411206, 114411290, 114427144, 114427091, 114429380, 114421216, 114414415, 114409957, 114411295, 114435690, 114421016, 114411276, 114411288, 114411211, 114411227, 114411293, 114411482, 114427306, 114435597, 114411333, 114427061, 114435738, 114411216, 114411250, 114415388, 114411263, 114411368, 114414368, 114427255, 114411349, 114435653, 114411205, 114414161, 114427082, 114429246, 114427069, 114411271, 114436515, 114411202, 114411296, 114411210, 114411266, 114411298, 114411209, 114411217, 114427420, 114411289, 114411308, 114411291, 114411204, 114427441, 114427421, 

Shuppin: 

65101, 70335, 75754, 70144, 65053, 73429, 73903, 70302, 77214, 84685, 70244, 70208, 75270, 65006, 70011, 70288, 70021, 70141, 75390, 75733, 75291, 75389, 75075, 80117, 20684, 70308, 70070, 75732, 70136, 80254, 70025, 75230, 73908, 77140, 80013, 77045, 70032, 70270, 70134, 75718, 73609, 70159, 70148, 70157, 70138, 70336, 70112, 80081, 75478, 70145, 70005, 80173, 70254, 65127, 40602, 82519, 70245, 75453, 70106, 70024, 70133, 70290, 70237, 75698, 23156, 65068, 73143, 70139, 75771, 80210, 70119, 70131, 70029, 70045, 70137, 77007, 75411, 40617, 70184, 70096, 84586, 70034, 70071, 84324, 70104, 70223, 65016, 75360, 70202, 75734, 70023, 65095, 70228, 70301, 70142, 70114, 70338, 70020, 70140, 70028, 70108, 70143, 70027, 70035, 75525, 70132, 70155, 70135, 70022, 75546, 75526, 
-------------------------------------------------------------
No Transmission/Color/Fuel Type:
114429467, 114427024, 114429441, 114424665, 114409813, 114409631, 114427543, 114429334, 114424559, 114420961, 114427205, 114411315, 114410338, 114411432, 114414159, 114424606, 114421690, 114417364, 114416086, 114420898, 114425428, 114429364, 114411223, 114413175, 114422955, 114417367, 114435594, 114414143, 114436580, 114429185, 114429444, 114411431, 114427521, 114411193, 114414166, 114436513, 114435673, 114411299, 114414402, 114409790, 114436522, 114429247, 114427670, 114436583, 114427098, 114411355, 114427229, 114414360, 114411194, 114427142, 114411203, 114411297, 114427285, 114435652, 114427236, 114427284, 114413177, 114420928, 114435479, 114435627, 114411249, 114435651, 114411292, 114421035, 114411207, 114411395, 114436526, 114427596, 114420831, 114411517, 114411214, 114427124, 114427068, 114429399, 114424468, 114411312, 114411303, 114411310, 114411294, 114436514, 114427067, 114420893, 114427373, 114411300, 114411189, 114420979, 114427108, 114429190, 114435582, 114424919, 114427099, 114427348, 114427066, 114411206, 114411290, 114427144, 114427091, 114429380, 114421216, 114414415, 114409957, 114411295, 114435690, 114421016, 114411276, 114411288, 114411211, 114411227, 114411293, 114411482, 114427306, 114435597, 114411333, 114427061, 114435738, 114411216, 114411250, 114415388, 114411263, 114411368, 114414368, 114427255, 114411349, 114435653, 114411205, 114414161, 114427082, 114429246, 114427069, 114411271, 114436515, 114411202, 114411296, 114411210, 114411266, 114411298, 114411209, 114411217, 114427420, 114411289, 114411308, 114411291, 114411204, 114427441, 114427421, 114427019, 

Shuppin: 

80352, 65110, 80325, 73817, 73518, 73226, 75648, 73885, 73702, 80153, 75213, 70162, 126, 75297, 65093, 73751, 3122, 40401, 10120, 80086, 87325, 75681, 70041, 75073, 50157, 40404, 40614, 65075, 84682, 65121, 80328, 75296, 75626, 70010, 65101, 70335, 75754, 70144, 65053, 73429, 73903, 70302, 77214, 84685, 70244, 70208, 75270, 65006, 70011, 70288, 70021, 70141, 75390, 75733, 75291, 75389, 75075, 80117, 20684, 70308, 70070, 75732, 70136, 80254, 70025, 75230, 73908, 77140, 80013, 77045, 70032, 70270, 70134, 75718, 73609, 70159, 70148, 70157, 70138, 70336, 70112, 80081, 75478, 70145, 70005, 80173, 70254, 65127, 40602, 82519, 70245, 75453, 70106, 70024, 70133, 70290, 70237, 75698, 23156, 65068, 73143, 70139, 75771, 80210, 70119, 70131, 70029, 70045, 70137, 77007, 75411, 40617, 70184, 70096, 84586, 70034, 70071, 84324, 70104, 70223, 65016, 75360, 70202, 75734, 70023, 65095, 70228, 70301, 70142, 70114, 70338, 70020, 70140, 70028, 70108, 70143, 70027, 70035, 75525, 70132, 70155, 70135, 70022, 75546, 75526, 65105, 
-------------------------------------------------------------
No Equipment:
No issues
-------------------------------------------------------------
Additional Photos Show 'No Foto':
No issues
-------------------------------------------------------------
No Auction Sheet:
No issues
-------------------------------------------------------------
