#############################################################
JAA Errors: 

Data Collection lasted for 7 minutes and 48.5 seconds.
Error checking completed within 0.0 seconds.
Finished checking on Tuesday, 18. June 2019 11:13PM 
#############################################################

No Main Image:
No issues
-------------------------------------------------------------
Japanese Characters:
No issues
-------------------------------------------------------------
Unknown Year/Make/Model:
112441052, 112441159, 112441030, 112441043, 112441063, 112441048, 112440359, 112441057, 112441157, 112441102, 112441033, 112441039, 112441161, 112441156, 112441145, 112440948, 112441163, 112441061, 112441160, 112441205, 112440929, 112441164, 

Shuppin: 

27059, 27175, 27036, 27049, 27070, 27054, 18157, 27064, 27170, 27112, 27039, 27045, 27187, 27166, 27155, 25010, 27189, 27068, 27186, 27231, 24003, 27190, 
-------------------------------------------------------------
Unknown Chassis Prefix:
112441052, 112441159, 112441030, 112441223, 112441043, 112441063, 112441048, 112440359, 112441204, 112441057, 112441157, 112441102, 112441033, 112441039, 112441161, 112441156, 112441145, 112441009, 112440948, 112441163, 112441061, 112441038, 112441160, 112441205, 112440929, 112441164, 112441020, 112441125, 112441040, 112441044, 

Shuppin: 

27059, 27175, 27036, 27249, 27049, 27070, 27054, 18157, 27230, 27064, 27170, 27112, 27039, 27045, 27187, 27166, 27155, 27015, 25010, 27189, 27068, 27044, 27186, 27231, 24003, 27190, 27026, 27135, 27046, 27050, 
-------------------------------------------------------------
No Transmission/Color/Fuel Type:
112441052, 112441159, 112441030, 112441223, 112441043, 112441063, 112441048, 112440359, 112441204, 112441057, 112441157, 112441102, 112441033, 112441039, 112441161, 112441156, 112441145, 112441009, 112440948, 112441163, 112441061, 112441038, 112441160, 112441205, 112440929, 112441164, 112441020, 112441125, 112441040, 112441044, 112439978, 

Shuppin: 

27059, 27175, 27036, 27249, 27049, 27070, 27054, 18157, 27230, 27064, 27170, 27112, 27039, 27045, 27187, 27166, 27155, 27015, 25010, 27189, 27068, 27044, 27186, 27231, 24003, 27190, 27026, 27135, 27046, 27050, 12011, 
-------------------------------------------------------------
No Equipment:
No issues
-------------------------------------------------------------
Additional Photos Show 'No Foto':
No issues
-------------------------------------------------------------
No Auction Sheet:
No issues
-------------------------------------------------------------
