#############################################################
USS Yokohama Errors: 

Data Collection lasted for 24 minutes and 20.0 seconds.
Error checking completed within 0.1 seconds.
Finished checking on Tuesday, 18. June 2019 08:26AM 
#############################################################

No Main Image:
No issues
-------------------------------------------------------------
Japanese Characters:
No issues
-------------------------------------------------------------
Unknown Year/Make/Model:
112413230, 112413128, 112433308, 112432394, 112413162, 112412297, 112419522, 112413169, 112413321, 112413296, 112412058, 112413341, 112419538, 112419575, 112413457, 112432827, 112419532, 112421814, 112419580, 112412314, 112413403, 

Shuppin: 

84085, 82064, 82124, 30486, 84003, 62176, 82101, 84011, 86039, 86009, 40002, 86063, 84097, 86193, 86211, 86236, 84065, 60125, 86216, 62198, 86136, 
-------------------------------------------------------------
Unknown Chassis Prefix:
112412788, 112412297, 112432710, 112413404, 112419522, 112413169, 112413321, 112413296, 112412058, 112413341, 112421866, 112419538, 112419576, 112413427, 112419575, 112413457, 112432827, 112419532, 112421814, 112419580, 112412314, 112413403, 112413249, 112413368, 112413420, 112432825, 112419571, 

Shuppin: 

66031, 62176, 62545, 86140, 82101, 84011, 86039, 86009, 40002, 86063, 86095, 84097, 86194, 86169, 86193, 86211, 86236, 84065, 60125, 86216, 62198, 86136, 84108, 86093, 86162, 86234, 86182, 
-------------------------------------------------------------
No Transmission/Color/Fuel Type:
112433307, 112433301, 112411179, 112411460, 112413340, 112413323, 112412788, 112412297, 112432710, 112413404, 112419522, 112413169, 112413321, 112413296, 112412058, 112413341, 112421866, 112419538, 112419576, 112413427, 112419575, 112413457, 112432827, 112419532, 112421814, 112419580, 112412314, 112413403, 112413249, 112413368, 112413420, 112432825, 112419571, 112412999, 

Shuppin: 

82122, 82114, 10033, 24044, 86061, 86042, 66031, 62176, 62545, 86140, 82101, 84011, 86039, 86009, 40002, 86063, 86095, 84097, 86194, 86169, 86193, 86211, 86236, 84065, 60125, 86216, 62198, 86136, 84108, 86093, 86162, 86234, 86182, 80018, 
-------------------------------------------------------------
No Equipment:
No issues
-------------------------------------------------------------
Additional Photos Show 'No Foto':
No issues
-------------------------------------------------------------
No Auction Sheet:
No issues
-------------------------------------------------------------
