#############################################################
USS Nagoya Errors: 

Data Collection lasted for 22 minutes and 6.4 seconds.
Error checking completed within 0.1 seconds.
Finished checking on Friday, 17. January 2020 06:48AM 
#############################################################

No Main Image:
No issues
-------------------------------------------------------------
Japanese Characters:
No issues
-------------------------------------------------------------
Unknown Year/Make/Model:
116282229, 116282245, 116281627, 116281308, 116280731, 116280761, 116293510, 116293538, 116280967, 

Shuppin: 

58072, 58088, 58399, 20055, 20113, 20143, 20255, 20291, 20446, 
-------------------------------------------------------------
Unknown Chassis Prefix:
116288801, 116283488, 116288808, 116302479, 116282168, 116282191, 116282225, 116282230, 116282261, 116281376, 116281425, 116281455, 116281457, 116281480, 116281492, 116281491, 116281493, 116281506, 116281522, 116285405, 116281539, 116281571, 116281605, 116281608, 116294332, 116281614, 116281635, 116281650, 116281686, 116280003, 116293889, 116293923, 116293928, 116293930, 116280068, 116302445, 116302450, 116281258, 116281266, 116302460, 116281304, 116281306, 116281310, 116281308, 116281309, 116281339, 116280787, 116280802, 116280812, 116280828, 116280831, 116280829, 116279407, 116293510, 116293511, 116293519, 116293528, 116280877, 116280931, 116280948, 116280947, 116280954, 116280960, 116280969, 116280989, 116280994, 116293581, 116280998, 116280999, 116281021, 116281039, 116281037, 116293601, 116293352, 116299848, 116299862, 116299860, 116299861, 116301859, 116299864, 116299863, 116302401, 116299865, 116299866, 116299877, 116299890, 116293374, 116293637, 116299896, 116302407, 116299904, 116299912, 116299925, 116299926, 116301881, 116302410, 116301883, 

Shuppin: 

25014, 25025, 25032, 25088, 58010, 58033, 58068, 58073, 58104, 58145, 58195, 58225, 58227, 58250, 58262, 58261, 58263, 58276, 58293, 35160, 58310, 58342, 58377, 58380, 35246, 58386, 58407, 58422, 58458, 11185, 58512, 58550, 58556, 58559, 11280, 58619, 58641, 20004, 20012, 11404, 20051, 20053, 20057, 20055, 20056, 20086, 20169, 20184, 20194, 20210, 20213, 20211, 40240, 20255, 20256, 20264, 20274, 20354, 20410, 20427, 20426, 20433, 20439, 20448, 20468, 20474, 20481, 20485, 20486, 20518, 20539, 20537, 20561, 20610, 20618, 20640, 20638, 20639, 20644, 20642, 20641, 20648, 20649, 20650, 20668, 20701, 20710, 20714, 20723, 20725, 20745, 20762, 20783, 20784, 20789, 20791, 20794, 
-------------------------------------------------------------
No Transmission/Color/Fuel Type:
116288801, 116283488, 116288808, 116302479, 116282168, 116282191, 116282225, 116282230, 116282261, 116281376, 116281425, 116281443, 116294301, 116281455, 116281457, 116281480, 116281492, 116281491, 116281493, 116281506, 116281522, 116285405, 116281539, 116281571, 116295710, 116281605, 116281608, 116294332, 116281614, 116281635, 116302039, 116281650, 116279922, 116281686, 116280003, 116280011, 116293889, 116293923, 116293928, 116293930, 116280068, 116302445, 116302450, 116281258, 116281266, 116302460, 116281304, 116281306, 116281310, 116281308, 116281309, 116281313, 116281339, 116280240, 116280787, 116280802, 116280812, 116280828, 116280831, 116280829, 116279407, 116293510, 116293511, 116293519, 116293528, 116280877, 116280931, 116280948, 116280947, 116280954, 116280960, 116280967, 116280969, 116280989, 116283092, 116280994, 116293581, 116280998, 116280999, 116281021, 116281039, 116281037, 116279799, 116293601, 116293352, 116299848, 116299862, 116299860, 116299861, 116301859, 116299864, 116299863, 116302401, 116299865, 116299866, 116299877, 116294258, 116299890, 116293374, 116293637, 116299896, 116302407, 116293391, 116299904, 116299912, 116299925, 116299926, 116301881, 116302410, 116301883, 116295746, 116293854, 116302328, 116299980, 

Shuppin: 

25014, 25025, 25032, 25088, 58010, 58033, 58068, 58073, 58104, 58145, 58195, 58213, 6347, 58225, 58227, 58250, 58262, 58261, 58263, 58276, 58293, 35160, 58310, 58342, 35199, 58377, 58380, 35246, 58386, 58407, 35272, 58422, 11103, 58458, 11185, 11193, 58512, 58550, 58556, 58559, 11280, 58619, 58641, 20004, 20012, 11404, 20051, 20053, 20057, 20055, 20056, 20060, 20086, 40162, 20169, 20184, 20194, 20210, 20213, 20211, 40240, 20255, 20256, 20264, 20274, 20354, 20410, 20427, 20426, 20433, 20439, 20446, 20448, 20468, 3882, 20474, 20481, 20485, 20486, 20518, 20539, 20537, 40650, 20561, 20610, 20618, 20640, 20638, 20639, 20644, 20642, 20641, 20648, 20649, 20650, 20668, 4115, 20701, 20710, 20714, 20723, 20725, 20742, 20745, 20762, 20783, 20784, 20789, 20791, 20794, 40939, 43004, 40983, 4271, 
-------------------------------------------------------------
No Equipment:
No issues
-------------------------------------------------------------
Additional Photos Show 'No Foto':
No issues
-------------------------------------------------------------
No Auction Sheet:
No issues
-------------------------------------------------------------
