#############################################################
USS Tokyo Errors: 

Data Collection lasted for 34 minutes and 41.6 seconds.
Error checking completed within 0.1 seconds.
Finished checking on Thursday, 20. February 2020 07:20AM 
#############################################################

No Main Image:
No issues
-------------------------------------------------------------
Japanese Characters:
116954694, 116954627, 116954984, 116954426, 116954065, 116955294, 116953961, 116953954, 116954382, 116954794, 116955686, 116928943, 116933857, 

Shuppin: 

35583, 35516, 74266, 26695, 20612, 80618, 1335, 1313, 26651, 40757, 87886, 75175, 75483, 
-------------------------------------------------------------
Unknown Year/Make/Model:
116955040, 116933770, 116933901, 116944742, 116944177, 116944192, 116943381, 116943380, 116928580, 116928429, 116954872, 116943990, 116944023, 116931571, 116932305, 116932309, 116944065, 116953315, 116953316, 116954864, 116953321, 116953333, 116928528, 116945129, 

Shuppin: 

77209, 35153, 75580, 75686, 75829, 75847, 80255, 80254, 70014, 70142, 70199, 70202, 70272, 65077, 70316, 70328, 70351, 70378, 70379, 65114, 70388, 70407, 77095, 77148, 
-------------------------------------------------------------
Unknown Chassis Prefix:
No issues
-------------------------------------------------------------
No Transmission/Color/Fuel Type:
116955040, 116954871, 116931594, 116930037, 116933840, 116930056, 116930061, 116930068, 116931622, 116938395, 116938405, 116928982, 116929005, 116929027, 116929030, 116928651, 116929055, 116928712, 116944913, 116933856, 116933876, 116932338, 116933901, 116945112, 116944728, 116944731, 116944742, 116935914, 116934942, 116935961, 116944177, 116944192, 116954998, 116955002, 116943300, 116953783, 116953432, 116943381, 116943380, 116955060, 116928580, 116928581, 116928598, 116928601, 116928607, 116928606, 116928611, 116928609, 116928610, 116928617, 116928618, 116928365, 116928370, 116928383, 116928410, 116928429, 116955155, 116932253, 116943989, 116932260, 116931501, 116954872, 116953301, 116932261, 116932262, 116943990, 116943991, 116927526, 116931507, 116931508, 116954873, 116944000, 116931523, 116955231, 116944006, 116944008, 116931539, 116931541, 116931545, 116944023, 116944029, 116931569, 116944045, 116931571, 116932305, 116944051, 116932309, 116931583, 116932312, 116944058, 116944060, 116944062, 116931590, 116932315, 116944065, 116944063, 116944074, 116944080, 116953315, 116953726, 116953316, 116954864, 116953719, 116953728, 116953319, 116953321, 116954875, 116953326, 116953324, 116953330, 116953331, 116953333, 116954881, 116953337, 116953348, 116928463, 116928472, 116928828, 116928498, 116928508, 116928509, 116928528, 116930831, 116945129, 116928225, 116942128, 116943043, 116943059, 116953392, 116952912, 116954945, 

Shuppin: 

77209, 70197, 75009, 75028, 75042, 75055, 75061, 75071, 75120, 3076, 3090, 75226, 75254, 75280, 75284, 75341, 75411, 75418, 35464, 75480, 75519, 75541, 75580, 75610, 75636, 75654, 75686, 80003, 20273, 80051, 75829, 75847, 75855, 75862, 80170, 75890, 75941, 80255, 80254, 80288, 70014, 70016, 70036, 70041, 70047, 70046, 70051, 70049, 70050, 70057, 70058, 70065, 70071, 70088, 70120, 70142, 80479, 70180, 70196, 70194, 65007, 70199, 70198, 70200, 70201, 70202, 70208, 73182, 65013, 65014, 70227, 70228, 65029, 80555, 70236, 70241, 65045, 65047, 65051, 70272, 70280, 65075, 70313, 65077, 70316, 70326, 70328, 65089, 70335, 70339, 70344, 70348, 65096, 70346, 70351, 70349, 70362, 70369, 70378, 70380, 70379, 65114, 65117, 70382, 70385, 70388, 70391, 70396, 70394, 70401, 70405, 70407, 70408, 70412, 70432, 77013, 77024, 73445, 77058, 77070, 77071, 77095, 77108, 77148, 84192, 40409, 73844, 73864, 74136, 74169, 74227, 
-------------------------------------------------------------
No Equipment:
No issues
-------------------------------------------------------------
Additional Photos Show 'No Foto':
No issues
-------------------------------------------------------------
No Auction Sheet:
No issues
-------------------------------------------------------------
