#############################################################
JAA Errors: 

Data Collection lasted for 3 minutes and 42.1 seconds.
Error checking completed within 0.0 seconds.
Finished checking on Wednesday, 13. November 2019 06:15AM 
#############################################################

No Main Image:
No issues
-------------------------------------------------------------
Japanese Characters:
115237986, 115237990, 115237984, 115237897, 115237987, 115237985, 

Shuppin: 

27287, 27291, 27285, 21129, 27288, 27286, 
-------------------------------------------------------------
Unknown Year/Make/Model:
115237960, 115220601, 115223230, 115220600, 115223296, 115223298, 

Shuppin: 

27261, 27111, 27073, 27110, 27229, 27240, 
-------------------------------------------------------------
Unknown Chassis Prefix:
115237960, 115220601, 115225491, 115223230, 115223238, 115220600, 115223296, 115225466, 115225497, 115223226, 115220575, 115220577, 115220640, 115223239, 115237979, 115220612, 115220605, 115223298, 115225488, 115223252, 115225480, 115220845, 115220851, 115237978, 115220610, 115225507, 115225467, 115220584, 115220579, 115223223, 115220639, 115223219, 115220609, 115223276, 115223227, 

Shuppin: 

27261, 27111, 27209, 27073, 27095, 27110, 27229, 27012, 27239, 27062, 27032, 27037, 27220, 27096, 27280, 27146, 27124, 27240, 27186, 27127, 27132, 27056, 27088, 27279, 27137, 27251, 27023, 27060, 27047, 27052, 27219, 27042, 27136, 27184, 27063, 
-------------------------------------------------------------
No Transmission/Color/Fuel Type:
115237996, 115237960, 115220601, 115225491, 115223230, 115223238, 115220600, 115223296, 115225466, 115225497, 115223226, 115220575, 115220577, 115220640, 115223239, 115237979, 115220612, 115220605, 115223298, 115225488, 115223252, 115225480, 115220845, 115220851, 115237978, 115220610, 115225507, 115225467, 115220584, 115220579, 115223223, 115220639, 115223219, 115220609, 115223276, 115223227, 

Shuppin: 

27297, 27261, 27111, 27209, 27073, 27095, 27110, 27229, 27012, 27239, 27062, 27032, 27037, 27220, 27096, 27280, 27146, 27124, 27240, 27186, 27127, 27132, 27056, 27088, 27279, 27137, 27251, 27023, 27060, 27047, 27052, 27219, 27042, 27136, 27184, 27063, 
-------------------------------------------------------------
No Equipment:
No issues
-------------------------------------------------------------
Additional Photos Show 'No Foto':
No issues
-------------------------------------------------------------
No Auction Sheet:
No issues
-------------------------------------------------------------
