#############################################################
JAA Errors: 

Data Collection lasted for 10 minutes and 11.3 seconds.
Error checking completed within 0.0 seconds.
Finished checking on Tuesday, 04. June 2019 11:15PM 
#############################################################

No Main Image:
No issues
-------------------------------------------------------------
Japanese Characters:
No issues
-------------------------------------------------------------
Unknown Year/Make/Model:
112149206, 112147540, 112149204, 112149241, 112149686, 112149232, 112149177, 112149228, 112147618, 112147567, 112147513, 112147533, 112149230, 112147542, 112147547, 112149172, 112147507, 112154938, 112147593, 112147538, 112156872, 112149220, 112147596, 112156206, 112156200, 112156207, 112156186, 112150007, 112150113, 112150121, 112149991, 112150068, 112149999, 112150105, 112149986, 112149886, 112149952, 112156227, 112149994, 112156233, 112149975, 112150011, 112149976, 112149932, 

Shuppin: 

14455, 14253, 14448, 14512, 23015, 14499, 14381, 14495, 14419, 14299, 14213, 14243, 14497, 14255, 14264, 14367, 14205, 14274, 14364, 14250, 14579, 14485, 14368, 27097, 27054, 27098, 26002, 27093, 27231, 27240, 27073, 27174, 27083, 27216, 27068, 24013, 27025, 27214, 27078, 27235, 27056, 27099, 27057, 27001, 
-------------------------------------------------------------
Unknown Chassis Prefix:
112156206, 112156200, 112150040, 112156207, 112156186, 112150007, 112156226, 112150113, 112150121, 112149991, 112150068, 112149999, 112150105, 112149986, 112149886, 112149952, 112156227, 112149994, 112156233, 112149975, 112150011, 112149976, 112149932, 112149953, 112150120, 

Shuppin: 

27097, 27054, 27135, 27098, 26002, 27093, 27208, 27231, 27240, 27073, 27174, 27083, 27216, 27068, 24013, 27025, 27214, 27078, 27235, 27056, 27099, 27057, 27001, 27027, 27239, 
-------------------------------------------------------------
No Transmission/Color/Fuel Type:
112149206, 112147540, 112149204, 112149241, 112149686, 112149232, 112149177, 112149228, 112147618, 112147567, 112147513, 112147533, 112149230, 112147542, 112147547, 112149172, 112147507, 112154938, 112147593, 112147538, 112156872, 112149220, 112147596, 112156206, 112156200, 112150040, 112156207, 112156186, 112150007, 112156226, 112150113, 112150121, 112149991, 112150068, 112149999, 112150105, 112149986, 112149886, 112149952, 112156227, 112149994, 112156233, 112149975, 112150011, 112149976, 112149932, 112149953, 112150120, 

Shuppin: 

14455, 14253, 14448, 14512, 23015, 14499, 14381, 14495, 14419, 14299, 14213, 14243, 14497, 14255, 14264, 14367, 14205, 14274, 14364, 14250, 14579, 14485, 14368, 27097, 27054, 27135, 27098, 26002, 27093, 27208, 27231, 27240, 27073, 27174, 27083, 27216, 27068, 24013, 27025, 27214, 27078, 27235, 27056, 27099, 27057, 27001, 27027, 27239, 
-------------------------------------------------------------
No Equipment:
No issues
-------------------------------------------------------------
Additional Photos Show 'No Foto':
No issues
-------------------------------------------------------------
No Auction Sheet:
No issues
-------------------------------------------------------------
