#############################################################
USS Yokohama Errors: 

Data Collection lasted for 19 minutes and 58.3 seconds.
Error checking completed within 0.0 seconds.
Finished checking on Tuesday, 04. June 2019 09:52AM 
#############################################################

No Main Image:
No issues
-------------------------------------------------------------
Japanese Characters:
No issues
-------------------------------------------------------------
Unknown Year/Make/Model:
112126291, 112144530, 112126137, 112123955, 112124289, 112131168, 112124399, 112124389, 112124498, 112124298, 112124931, 112126172, 112126165, 112126319, 112126329, 112144521, 112131641, 112126341, 112126132, 112131675, 112126257, 112126213, 112126253, 112126365, 112126189, 112126133, 112126112, 112126356, 

Shuppin: 

86116, 82062, 84053, 10047, 20128, 20112, 20258, 20247, 20388, 20139, 24191, 84095, 84086, 86153, 86164, 80104, 84050, 86177, 84047, 86086, 86077, 86017, 86070, 86211, 84117, 84048, 84023, 86199, 
-------------------------------------------------------------
Unknown Chassis Prefix:
112126231, 112126319, 112126329, 112143132, 112143141, 112144521, 112126360, 112131641, 112126158, 112126341, 112126132, 112131675, 112126257, 112125940, 112126213, 112131633, 112126366, 112126253, 112126365, 112126189, 112126133, 112126112, 112126356, 112126354, 112125531, 112143134, 112126288, 112126263, 112126230, 112136801, 

Shuppin: 

86043, 86153, 86164, 70139, 86260, 80104, 86204, 84050, 84077, 86177, 84047, 86086, 86077, 80024, 86017, 84002, 86212, 86070, 86211, 84117, 84048, 84023, 86199, 86197, 62470, 70141, 86113, 86083, 86039, 86228, 
-------------------------------------------------------------
No Transmission/Color/Fuel Type:
112144824, 112124447, 112125356, 112126172, 112126165, 112125517, 112126231, 112126319, 112126329, 112143132, 112143141, 112144521, 112126360, 112131641, 112126158, 112126341, 112126132, 112131675, 112126257, 112125940, 112126213, 112131633, 112126366, 112126253, 112126365, 112126189, 112126133, 112126112, 112126356, 112126354, 112125531, 112143134, 112126288, 112126263, 112126230, 112136801, 

Shuppin: 

62611, 20323, 50021, 84095, 84086, 62425, 86043, 86153, 86164, 70139, 86260, 80104, 86204, 84050, 84077, 86177, 84047, 86086, 86077, 80024, 86017, 84002, 86212, 86070, 86211, 84117, 84048, 84023, 86199, 86197, 62470, 70141, 86113, 86083, 86039, 86228, 
-------------------------------------------------------------
No Equipment:
No issues
-------------------------------------------------------------
Additional Photos Show 'No Foto':
No issues
-------------------------------------------------------------
No Auction Sheet:
No issues
-------------------------------------------------------------
