#############################################################
AucNet AucMon Errors: 

Data Collection lasted for 3 minutes and 4.2 seconds.
Error checking completed within 0.1 seconds.
Finished checking on Monday, 11. November 2019 05:23AM 
#############################################################

No Main Image:
No issues
-------------------------------------------------------------
Japanese Characters:
115174187, 115174398, 115174101, 115174091, 115174095, 115174263, 115174534, 115174315, 115174318, 115174271, 115174093, 115174578, 115174394, 

Shuppin: 

2538, 3418, 2078, 20001, 20006, 2848, 4348, 30050, 30053, 30005, 20003, 5488, 34006, 
-------------------------------------------------------------
Unknown Year/Make/Model:
115174284, 

Shuppin: 

30018, 
-------------------------------------------------------------
Unknown Chassis Prefix:
No issues
-------------------------------------------------------------
No Transmission/Color/Fuel Type:
115173946, 115173930, 115174101, 115174091, 115174102, 115174092, 115173972, 115174348, 115174493, 115174342, 115174273, 115174309, 115174284, 115174026, 115174300, 115174298, 115174330, 115174332, 115174322, 115174331, 115174326, 115174328, 115174316, 115174323, 115174314, 115174324, 115174329, 115174439, 115174500, 115174490, 115184430, 115174349, 115174496, 115174501, 115173852, 115174395, 115174503, 115174427, 115174495, 115174497, 115174338, 115174492, 115184429, 115174469, 115174459, 115174451, 115174458, 115174472, 115174465, 115174453, 115185658, 115174421, 115174450, 115174422, 115174424, 115174389, 115174426, 115174431, 115174306, 115185649, 115174484, 115174456, 115174454, 115174435, 115185661, 115174438, 115174461, 115174468, 115174479, 115174477, 115174448, 115174478, 115174449, 115174460, 115174419, 115174417, 115174482, 115174275, 115174483, 115174289, 115174447, 115174476, 115174440, 115174445, 115185664, 115174433, 115173849, 115174416, 115174390, 115174430, 115174428, 115174434, 115174340, 115174446, 115174475, 115174470, 115174443, 115174420, 115174466, 115174481, 115174425, 115174418, 115173914, 115174502, 115174386, 115174437, 115174474, 115174444, 115174471, 115174457, 115174455, 115174452, 115174473, 115174441, 115185660, 115185662, 115185659, 115174480, 115174385, 115185657, 115174442, 115174404, 115185663, 115185647, 115174307, 115174392, 115174374, 115174366, 115185648, 115174345, 115174499, 115185651, 115174350, 115174368, 115174391, 115174491, 115174290, 115173957, 115174498, 115174359, 115174320, 115174358, 115173885, 115174333, 115174344, 115174356, 115174378, 115174375, 115174373, 115174377, 115174372, 115174334, 115174355, 115174343, 115174341, 115173922, 115174279, 115174369, 115185650, 115174270, 115174370, 115174367, 115174357, 115181686, 115181687, 115174292, 115174276, 115185652, 115174371, 115174432, 115173944, 115174423, 115188960, 115188959, 115174436, 115174462, 115173894, 115173889, 115174293, 115174285, 115181688, 115174305, 115174277, 115174269, 115174291, 115174272, 115174283, 115181685, 115174274, 115174287, 115174271, 115181684, 115174396, 115195141, 115174504, 115174339, 115184431, 115195146, 115174268, 115174303, 115195143, 115174296, 115195145, 115174384, 115195144, 115195142, 115174347, 115173851, 115174308, 115173912, 115174397, 115174282, 115174337, 115174394, 

Shuppin: 

11092, 11076, 2078, 20001, 2088, 20002, 13010, 31002, 37004, 30508, 30007, 30043, 30018, 16001, 30034, 30032, 30068, 30071, 30059, 30069, 30063, 30066, 30051, 30060, 30048, 30061, 30067, 36027, 37011, 37001, 30512, 31003, 37007, 37012, 10505, 34007, 37014, 36015, 37006, 37008, 30078, 37003, 30511, 36505, 36047, 36039, 36046, 36508, 36501, 36041, 36005, 36009, 36038, 36010, 36012, 34001, 36014, 36019, 30040, 30057, 36520, 36044, 36042, 36023, 36052, 36026, 36049, 36504, 36515, 36513, 36036, 36514, 36037, 36048, 36007, 36002, 36518, 30009, 36519, 30023, 36035, 36512, 36028, 36033, 36057, 36021, 10502, 36001, 34002, 36018, 36016, 36022, 30080, 36034, 36511, 36506, 36031, 36008, 36502, 36517, 36013, 36003, 11060, 37013, 33003, 36025, 36510, 36032, 36507, 36045, 36043, 36040, 36509, 36029, 36051, 36053, 36006, 36516, 33002, 36004, 36030, 35002, 36055, 30049, 30041, 34004, 32011, 32003, 30056, 30514, 37010, 30070, 31004, 32005, 34003, 37002, 30024, 12002, 37009, 31013, 30055, 31012, 11031, 30073, 30510, 31010, 32015, 32012, 32010, 32014, 32009, 30074, 31009, 30509, 30501, 11068, 30013, 32006, 30064, 30004, 32007, 32004, 31011, 33005, 33006, 30026, 30010, 30072, 32008, 36020, 11090, 36011, 36056, 36054, 36024, 36050, 11040, 11035, 30027, 30019, 33007, 30039, 30011, 30003, 30025, 30006, 30017, 33004, 30008, 30021, 30005, 31014, 34008, 30502, 37015, 30079, 30513, 32001, 30002, 30037, 30504, 30030, 30507, 33001, 30506, 30503, 31001, 10504, 30042, 11058, 34009, 30016, 30077, 34006, 
-------------------------------------------------------------
No Equipment:
No issues
-------------------------------------------------------------
Additional Photos Show 'No Foto':
No issues
-------------------------------------------------------------
No Auction Sheet:
No issues
-------------------------------------------------------------
