#############################################################
USS Nagoya Errors: 

Data Collection lasted for 22 minutes and 10.7 seconds.
Error checking completed within 0.2 seconds.
Finished checking on Friday, 07. February 2020 06:54AM 
#############################################################

No Main Image:
No issues
-------------------------------------------------------------
Japanese Characters:
No issues
-------------------------------------------------------------
Unknown Year/Make/Model:
116683338, 116682785, 

Shuppin: 

58297, 20339, 
-------------------------------------------------------------
Unknown Chassis Prefix:
116683114, 116694840, 116683129, 116683160, 116694851, 116683200, 116683197, 116683204, 116683207, 116683221, 116683252, 116683266, 116683300, 116683307, 116694874, 116683326, 116683338, 116683397, 116683407, 116694891, 116694892, 116681372, 116697040, 116697042, 116697046, 116697048, 116697052, 116699363, 116682495, 116682506, 116681471, 116682577, 116682656, 116682655, 116682658, 116694537, 116682659, 116682657, 116682662, 116682661, 116682660, 116682663, 116682707, 116682726, 116682725, 116682727, 116682728, 116681781, 116694558, 116682785, 116682815, 116682840, 116682841, 116694574, 116694575, 116682855, 116682875, 116682900, 116682903, 116682901, 116682912, 116682935, 116682941, 116682948, 116682956, 116694597, 116694598, 116694600, 116682985, 116682989, 116696031, 116694639, 116694643, 116694650, 116694651, 116694649, 116694652, 116694654, 116694653, 116694285, 116694295, 116694307, 116694312, 116699255, 116699257, 116699262, 116699261, 116699276, 116699764, 116699763, 116699767, 

Shuppin: 

58036, 58049, 58054, 58091, 58126, 58135, 58132, 58140, 58143, 58162, 58196, 58211, 58253, 58262, 58280, 58284, 58297, 58358, 58369, 58398, 58399, 11102, 58403, 58405, 58410, 58412, 58416, 58427, 20004, 20017, 11221, 20098, 20188, 20187, 20190, 20191, 20192, 20189, 20195, 20194, 20193, 20196, 20243, 20263, 20262, 20264, 20265, 40165, 20332, 20339, 20375, 20404, 20405, 20421, 20423, 20424, 20446, 20477, 20480, 20478, 20490, 20518, 20527, 20536, 20546, 20553, 20564, 20577, 20579, 20583, 20602, 20624, 20629, 20637, 20638, 20636, 20639, 20641, 20640, 20655, 20667, 20680, 20689, 20736, 20738, 20744, 20743, 20758, 20768, 20767, 20775, 
-------------------------------------------------------------
No Transmission/Color/Fuel Type:
116689364, 116683114, 116694840, 116683129, 116683160, 116694851, 116683200, 116683197, 116683204, 116683207, 116683221, 116683252, 116683266, 116689038, 116683300, 116683307, 116694874, 116683326, 116683338, 116683397, 116683407, 116694891, 116694892, 116681372, 116697040, 116697042, 116697046, 116697048, 116697052, 116699363, 116682495, 116682506, 116681471, 116682577, 116682656, 116682655, 116682658, 116694537, 116682659, 116682657, 116682662, 116682661, 116682660, 116682663, 116681695, 116682707, 116682726, 116682725, 116682727, 116682728, 116681747, 116681781, 116694558, 116682785, 116682815, 116682834, 116682840, 116682841, 116694574, 116694575, 116682855, 116682875, 116682900, 116682903, 116682901, 116682912, 116682935, 116682941, 116682948, 116682956, 116694597, 116694598, 116694600, 116682985, 116682989, 116696031, 116694639, 116694643, 116694650, 116694651, 116694649, 116694652, 116694654, 116694653, 116694285, 116694295, 116694307, 116694312, 116694315, 116699255, 116699257, 116699262, 116699261, 116699276, 116692216, 116699764, 116699763, 116699767, 116683082, 116696309, 116699855, 

Shuppin: 

60088, 58036, 58049, 58054, 58091, 58126, 58135, 58132, 58140, 58143, 58162, 58196, 58211, 35062, 58253, 58262, 58280, 58284, 58297, 58358, 58369, 58398, 58399, 11102, 58403, 58405, 58410, 58412, 58416, 58427, 20004, 20017, 11221, 20098, 20188, 20187, 20190, 20191, 20192, 20189, 20195, 20194, 20193, 20196, 40066, 20243, 20263, 20262, 20264, 20265, 40125, 40165, 20332, 20339, 20375, 20399, 20404, 20405, 20421, 20423, 20424, 20446, 20477, 20480, 20478, 20490, 20518, 20527, 20536, 20546, 20553, 20564, 20577, 20579, 20583, 20602, 20624, 20629, 20637, 20638, 20636, 20639, 20641, 20640, 20655, 20667, 20680, 20689, 20692, 20736, 20738, 20744, 20743, 20758, 40730, 20768, 20767, 20775, 43001, 4023, 51180, 
-------------------------------------------------------------
No Equipment:
No issues
-------------------------------------------------------------
Additional Photos Show 'No Foto':
No issues
-------------------------------------------------------------
No Auction Sheet:
No issues
-------------------------------------------------------------
