#############################################################
USS Osaka Errors: 

Data Collection lasted for 11 minutes and 5.6 seconds.
Error checking completed within 0.1 seconds.
Finished checking on Friday, 28. February 2020 06:47AM 
#############################################################

No Main Image:
No issues
-------------------------------------------------------------
Japanese Characters:
117126572, 117126588, 117126505, 117126583, 117126538, 117126177, 117126587, 117126564, 117126586, 117126567, 117126117, 117126563, 117126566, 117126577, 117126510, 117126536, 117126503, 117126552, 117126576, 117126252, 117126153, 117125567, 117125961, 117126279, 117125608, 117126209, 117125612, 117125886, 117126221, 117125779, 117125887, 117125562, 117126513, 117125766, 117126340, 117125500, 117125472, 117125982, 117125484, 117125474, 117126168, 117126035, 117125465, 117126001, 117126043, 117126047, 117125581, 117125588, 117126167, 117125889, 117125675, 117125590, 117126378, 117126102, 117125674, 117126191, 117126417, 117125951, 117125795, 117125871, 117125867, 117125661, 117125618, 117125865, 117126305, 117125859, 117125691, 117126103, 117126090, 117126156, 117125857, 117125953, 117125687, 117126192, 117125693, 117125786, 117125879, 117125821, 117125902, 117126290, 117125844, 117126190, 117125634, 117125906, 117125841, 117125837, 117125940, 117125942, 117125937, 117125866, 117125798, 117125874, 117126549, 117125537, 117125549, 117125487, 117125495, 117125481, 117125460, 117126172, 117126335, 117126014, 117126039, 117126325, 117126025, 117125513, 117125486, 117125459, 117125551, 117125532, 117125535, 117125463, 117125508, 117125442, 117125522, 117125494, 117125490, 117125507, 117126048, 117126010, 117125475, 117126523, 117125620, 117126485, 117126479, 117126452, 117126470, 117126486, 117125713, 117125897, 117125627, 117125967, 117125592, 117125938, 117125616, 117126516, 117126071, 117126399, 117125829, 117126028, 117125462, 117125528, 117125443, 117125552, 117125498, 117126364, 117126318, 117125745, 117126022, 117126004, 117125519, 117125964, 117125516, 117125983, 117126565, 117126520, 117126113, 117125948, 117126287, 117126351, 117125833, 117126108, 117125665, 117125901, 117125624, 117125701, 117125603, 117125712, 117126087, 117125936, 117125575, 117126120, 117126608, 117125639, 117126245, 117125749, 117125747, 117125785, 117125765, 117126162, 117126346, 117126267, 117125764, 117125776, 117125721, 117125794, 117126473, 117126484, 117126203, 117125583, 117125647, 117126574, 117125793, 117125737, 117126241, 117126546, 117125563, 117125869, 117125597, 117125791, 117125699, 117125658, 117125716, 117125560, 117125705, 117125726, 117125653, 117126216, 117125862, 117125959, 117125714, 117125695, 117126213, 117125638, 117125870, 117125625, 117125613, 117126195, 

Shuppin: 

88091, 88107, 80092, 88102, 80130, 5104, 88106, 88083, 88105, 88086, 50469, 88082, 88085, 88096, 80099, 80128, 80086, 84048, 88095, 6382, 50505, 20363, 40145, 6409, 20404, 55462, 20408, 32024, 55474, 30317, 32025, 20358, 80105, 30304, 6470, 1463, 1435, 4199, 1447, 1437, 5095, 4253, 1428, 4218, 4261, 4265, 20377, 20384, 5094, 32027, 20471, 20386, 6508, 50454, 20470, 5118, 6547, 40129, 30333, 32009, 32005, 20457, 20414, 32003, 6435, 30398, 2093, 50455, 50442, 50508, 30396, 40137, 20483, 5119, 2129, 30324, 32017, 30360, 32040, 6420, 30383, 5117, 20430, 32044, 30380, 30376, 397, 399, 394, 32004, 30336, 32012, 84045, 1500, 1512, 1450, 1458, 1444, 1423, 5099, 6465, 4232, 4257, 6455, 4243, 1476, 1449, 1422, 1514, 1495, 1498, 1426, 1471, 1115, 1485, 1457, 1453, 1470, 4266, 4227, 1438, 80115, 20416, 74057, 70180, 70153, 70171, 74058, 2724, 32035, 20423, 40151, 20388, 395, 20412, 80108, 50423, 6529, 30368, 4246, 1425, 1491, 1203, 1515, 1461, 6494, 6448, 2756, 4240, 4221, 1482, 40148, 1479, 4200, 88084, 80112, 50465, 40050, 6417, 6481, 30372, 50460, 20461, 32039, 20420, 2712, 20399, 2723, 50439, 393, 20371, 50472, 9097, 20435, 55498, 2760, 2758, 30323, 30303, 5076, 6476, 6397, 30302, 30314, 2732, 30332, 70174, 74056, 55456, 20379, 20443, 88093, 30331, 2748, 55494, 80138, 20359, 32007, 20393, 30329, 2710, 20454, 2727, 18080, 2716, 2737, 20449, 55469, 312, 40143, 2725, 2181, 55466, 20434, 32008, 20421, 20409, 55433, 
-------------------------------------------------------------
Unknown Year/Make/Model:
117126540, 117126515, 

Shuppin: 

80132, 80107, 
-------------------------------------------------------------
Unknown Chassis Prefix:
No issues
-------------------------------------------------------------
No Transmission/Color/Fuel Type:
117126465, 117126540, 117126515, 117126569, 117109332, 117112883, 117112903, 117109790, 117109700, 117109603, 117109607, 117109610, 117109637, 117109676, 117112830, 117113058, 117113071, 

Shuppin: 

70166, 80132, 80107, 88088, 6115, 50249, 50267, 88069, 84021, 80008, 80012, 80015, 80042, 80082, 5020, 5041, 5054, 
-------------------------------------------------------------
No Equipment:
No issues
-------------------------------------------------------------
Additional Photos Show 'No Foto':
No issues
-------------------------------------------------------------
No Auction Sheet:
No issues
-------------------------------------------------------------
