#############################################################
USS Nagoya Errors: 

Data Collection lasted for 23 minutes and 53.9 seconds.
Error checking completed within 0.1 seconds.
Finished checking on Friday, 28. February 2020 07:11AM 
#############################################################

No Main Image:
No issues
-------------------------------------------------------------
Japanese Characters:
117122404, 117122690, 117122589, 117122522, 117122120, 117123673, 117122568, 117122508, 117122487, 117123567, 117122547, 117122720, 117123571, 117122587, 117122741, 117123578, 117122574, 117123657, 117122596, 117122418, 117122119, 117123671, 117122474, 117122636, 117122481, 117122492, 117122612, 117123670, 117122498, 117122410, 117122387, 117122671, 117122482, 117122455, 117122444, 117123641, 117122457, 117123623, 117122605, 117123628, 117122667, 117122389, 117122145, 117122611, 117123662, 117122403, 117122579, 117122533, 117122222, 117122670, 117122650, 117122535, 117122483, 117122651, 117122521, 117123665, 117122616, 117123664, 117122437, 117122558, 117122417, 117122420, 117122511, 117122537, 117123687, 117122423, 117123605, 117123685, 117123602, 117122539, 117122642, 117122598, 117122580, 117123035, 117123902, 117124243, 117122084, 117124251, 117122205, 117122276, 117122193, 117123036, 117124100, 117123064, 117123201, 117122942, 117124121, 117124132, 117123711, 117124036, 117123165, 117123037, 117123976, 117123264, 117123132, 117123333, 117122907, 117123962, 117122732, 117123154, 117123148, 117122665, 117123744, 117122288, 117122716, 117122743, 117123105, 117123192, 117122987, 117122989, 117123745, 117123318, 117123054, 117123271, 117122030, 117123155, 117123087, 117123994, 117123208, 117123182, 117122916, 117122956, 117122215, 117123880, 117123180, 117123719, 117122055, 117122991, 117123804, 117123262, 117123156, 117124028, 117123752, 117122058, 117123963, 117123342, 117123770, 117123597, 117122553, 117123612, 117123615, 117123688, 117123649, 117122967, 117122318, 117122721, 117124172, 117123092, 117124009, 117123876, 117123289, 117123882, 117124111, 117123024, 117123866, 117122978, 117124105, 117123982, 117122948, 117123287, 117124139, 117122674, 117124051, 117123559, 117124330, 117124702, 117123393, 117124418, 117124415, 117124309, 117123473, 117124442, 117124470, 117124443, 117122018, 117124308, 117123513, 117123510, 117124420, 117122049, 117124435, 117124425, 117124358, 117123502, 117123517, 117123475, 117122551, 117124049, 117122143, 117122036, 117123170, 117124058, 117123303, 117122692, 117123792, 117121993, 117121989, 117123722, 117123124, 117123051, 117124229, 117124233, 117124071, 117124086, 117122931, 117122201, 117122921, 117123101, 117122677, 117122910, 117122911, 117122923, 117122920, 117122192, 117123231, 117123176, 117122930, 117123362, 117123056, 117123824, 117122463, 117123292, 117122033, 117122704, 117124539, 117124604, 117123558, 117123855, 117123593, 117122666, 117123269, 117122343, 117123217, 117122576, 117123810, 117123761, 117122660, 117123263, 117123767, 117123844, 117123111, 117122185, 117122187, 117123769, 117122270, 117122277, 117122291, 117122271, 117122125, 117122298, 117122294, 117122765, 117122793, 117123539, 117123533, 117124285, 117124571, 117124500, 117122009, 117124201, 117123945, 117124031, 117123139, 117122334, 117122234, 117122941, 117122935, 117121992, 117122973, 117122304, 117123850, 117122344, 117122171, 117123207, 117123901, 117124540, 117124584, 117122210, 117123304, 117124583, 117124593, 117121985, 117122248, 117122280, 117122292, 117122286, 117124261, 117123829, 117123697, 117123300, 117122356, 117122719, 117123336, 117123936, 117122717, 117122724, 117123865, 117122153, 117123320, 117124082, 117122327, 117123854, 117123813, 117122089, 117123900, 117123005, 117123080, 117124248, 117122757, 117123283, 117124155, 117123786, 117122087, 117122330, 117123784, 117124034, 117122232, 117123086, 117122225, 117122046, 117123839, 117123228, 117122165, 117124787, 117123202, 117124203, 117122299, 117122691, 117123847, 117122324, 117123309, 117123095, 117122174, 117124149, 117124023, 117123614, 117123672, 117123694, 117123575, 117122486, 117123682, 117122121, 117123845, 117123728, 117123740, 117123828, 117124307, 117124683, 117124402, 117124328, 117124450, 117123499, 117123441, 117123401, 117124430, 117124449, 117124642, 117124347, 117123449, 117124459, 117124689, 117124419, 117122142, 117124387, 117124401, 117123446, 117123459, 117124382, 117124332, 117124453, 117123460, 117123389, 117123526, 117124292, 117124446, 117124384, 117124348, 117124339, 117124441, 117124352, 117123527, 117123455, 117123504, 117122013, 117124440, 117122108, 117122044, 117124343, 117124386, 117123505, 117124701, 117123384, 117124428, 117123503, 117124311, 117124824, 117124391, 117124342, 117124447, 117122413, 117123357, 117124290, 117123140, 117122788, 117122764, 117122762, 117122892, 117122829, 117122160, 117122782, 117122789, 117122893, 117122794, 117122814, 117122806, 117122815, 117122859, 117123959, 117122712, 117123321, 117122085, 117122957, 117123790, 117123276, 117123258, 117124221, 117122285, 117122736, 117123059, 117123280, 117124736, 117122050, 117124333, 117124448, 117122111, 117124394, 117124320, 117124810, 117122130, 117123569, 117124341, 117124439, 117123395, 117124380, 117122075, 117123458, 117124357, 117124465, 117124392, 117124475, 117123498, 117124480, 117124350, 117123579, 117123070, 117123127, 117123209, 117123875, 117124065, 117122065, 117123805, 117122191, 117124563, 117123888, 117124512, 117122241, 117122295, 117121984, 117122669, 117124669, 117124310, 117124638, 117123471, 117124818, 117123467, 117123464, 117123298, 117123896, 117122352, 117124295, 117123490, 117123586, 117122638, 117122451, 117123695, 117122505, 117122146, 117123636, 117122822, 117124491, 117124566, 117122168, 117122955, 117123933, 117123934, 117123798, 117124516, 117123349, 117122785, 117124093, 117122965, 117122088, 117122242, 117122676, 117123297, 117122727, 117123313, 117123968, 117123120, 117123937, 117123255, 117124256, 117122707, 117123199, 117124545, 117124607, 117122239, 117124509, 117123820, 117122335, 117123751, 117123257, 117122320, 117124537, 117122632, 117122647, 117123065, 117123822, 117122290, 117122755, 117123022, 117123238, 117122992, 117122067, 117123254, 117123560, 117123311, 117122094, 117124228, 117123985, 117124492, 117123781, 117124489, 117123118, 117122253, 117122073, 117124182, 117122186, 117122370, 117124782, 117124739, 117124740, 117123485, 117123758, 117123701, 117124212, 117122696, 117123186, 117123104, 117122384, 117122723, 117122985, 117123197, 117123249, 117123088, 117124226, 117123966, 117123335, 117122331, 117124011, 117122760, 117122832, 117122795, 117122804, 117122863, 117122897, 117123183, 117123247, 117123749, 117124661, 117124467, 117123544, 117122554, 117122606, 117122990, 117123250, 117123016, 117122268, 117123753, 117122032, 117124219, 117123566, 117123651, 117122394, 117123755, 117122096, 117122601, 117122838, 117122619, 117122979, 117122986, 117123663, 117122386, 117122628, 117122372, 117122399, 117122663, 117122453, 117122390, 117122472, 117123674, 117123222, 117124590, 117122098, 117123540, 117123033, 117122380, 117123150, 117122753, 117123961, 117123981, 117122958, 117123340, 117122341, 117122917, 117122709, 117122936, 117122938, 117124044, 117123838, 117122211, 117124024, 117124018, 117123235, 117123827, 117124211, 117123783, 117123121, 117123848, 117124057, 117122952, 117123990, 117122319, 117123076, 117124067, 117122914, 117121986, 117123747, 117123806, 117123975, 117124162, 117123012, 117124192, 117123821, 117122734, 117124124, 117123958, 117124174, 117124002, 117123166, 117122233, 117123226, 117123241, 117122909, 117124257, 

Shuppin: 

20550, 35262, 20747, 20680, 11356, 58511, 20726, 20666, 20642, 58406, 20705, 35292, 58410, 20745, 35313, 58417, 20732, 58496, 20754, 20564, 11355, 58509, 20629, 25111, 20636, 20647, 20770, 58508, 20653, 20556, 20141, 35232, 20637, 20610, 20599, 58480, 20612, 58462, 20763, 58467, 35228, 20144, 11381, 20769, 58500, 20549, 20737, 20691, 1356, 35231, 25125, 20693, 20638, 25126, 20679, 58503, 20774, 58502, 20589, 20716, 20563, 20566, 20669, 20695, 58525, 20569, 58444, 58523, 58441, 20697, 25117, 20756, 20738, 4365, 60478, 673, 11320, 681, 1329, 1410, 1317, 4366, 629, 507, 51367, 4263, 633, 634, 60005, 60610, 51331, 4367, 60551, 51430, 51298, 51499, 4111, 60537, 35304, 51320, 51314, 35224, 60133, 1422, 35288, 35315, 51271, 51358, 4317, 4319, 60137, 51484, 50060, 51437, 11131, 51321, 51253, 60569, 51374, 51348, 4155, 4286, 1339, 60456, 51346, 60034, 11282, 4321, 60381, 51428, 51322, 60602, 60169, 1129, 60538, 525, 60238, 58436, 20711, 58451, 58454, 58526, 58488, 4297, 1452, 35293, 6376, 51258, 60584, 60452, 51455, 60458, 6318, 4354, 60442, 4308, 6312, 60557, 4275, 51453, 6346, 35235, 60625, 582, 80545, 85317, 55532, 80728, 80725, 80524, 55611, 80752, 80780, 80753, 11068, 80523, 55651, 55648, 80730, 11241, 80745, 80735, 80668, 55640, 55655, 55613, 20709, 60623, 11379, 11163, 51336, 60632, 51469, 35264, 60369, 1046, 1026, 60041, 51290, 4381, 659, 663, 60645, 616, 4219, 1325, 4172, 51267, 35238, 4127, 4131, 4176, 4168, 1313, 51397, 51342, 4216, 545, 501, 60400, 20618, 51458, 11155, 35276, 8322, 8401, 58112, 60431, 58432, 35227, 51435, 15059, 51383, 20734, 60387, 60205, 35217, 51429, 60217, 60420, 51277, 1301, 1308, 60225, 1404, 1411, 1425, 1405, 11361, 1432, 1428, 40032, 40727, 563, 557, 715, 8368, 8283, 11025, 6402, 60520, 60605, 51305, 15002, 1368, 4260, 4250, 1045, 4303, 1438, 60426, 15066, 1202, 51373, 60477, 8323, 8381, 1334, 51470, 8380, 8390, 1008, 1382, 1414, 1426, 1420, 691, 60405, 588, 51466, 15106, 35291, 51502, 60511, 35289, 35296, 60441, 11389, 51486, 612, 1461, 60430, 60390, 11325, 60476, 4335, 51246, 678, 3801, 51449, 6360, 60363, 11323, 1464, 60361, 60608, 1366, 51252, 1359, 11223, 60415, 51394, 1158, 85402, 51368, 6404, 1433, 35263, 60423, 1458, 51475, 51261, 1219, 6355, 60598, 58453, 58510, 58532, 58414, 20641, 58520, 11357, 60421, 60077, 60118, 60404, 80522, 85298, 80712, 80543, 80760, 55637, 55580, 55540, 80740, 80759, 85204, 80657, 55588, 80769, 85304, 80729, 11378, 80697, 80711, 55585, 55598, 80692, 80547, 80763, 55599, 55528, 55664, 80275, 80756, 80694, 80658, 80588, 80751, 80662, 55665, 55594, 55642, 11045, 80750, 11344, 11211, 80653, 80696, 55643, 85316, 55523, 80738, 55641, 80526, 85439, 80701, 80652, 80757, 20559, 540, 720, 51306, 40722, 40024, 40013, 40870, 40807, 11396, 40208, 40723, 40871, 40758, 40792, 40784, 40793, 40837, 60534, 35284, 51487, 11321, 4287, 60367, 51442, 51424, 651, 1419, 35308, 503, 51446, 85351, 11256, 80548, 80758, 11347, 80704, 80535, 85425, 11366, 58408, 80651, 80749, 55534, 80690, 11311, 55597, 80667, 80775, 80702, 80785, 55636, 80790, 80660, 58418, 51236, 51293, 51375, 60451, 60639, 11301, 60382, 1312, 8353, 60464, 8295, 1375, 1429, 1006, 35230, 85284, 80525, 85184, 55609, 85433, 55605, 55602, 51464, 60472, 15102, 80510, 55628, 58425, 25113, 20606, 586, 20660, 11382, 58475, 40800, 8258, 8363, 1181, 4282, 60508, 60509, 60375, 8299, 532, 40299, 623, 4295, 11324, 1376, 35237, 51463, 35299, 51479, 60543, 51286, 60512, 51421, 686, 35279, 51365, 8328, 8404, 1373, 8292, 60397, 15008, 60161, 51423, 1454, 8320, 25107, 25122, 50900, 60399, 1424, 3793, 4352, 51404, 4322, 11303, 51420, 583, 51477, 11330, 658, 60560, 8270, 60283, 8242, 51284, 1387, 11309, 6385, 1307, 15120, 85397, 85354, 85355, 55623, 602, 592, 642, 35268, 51352, 51270, 15134, 35295, 4315, 51363, 51415, 51254, 656, 60541, 51501, 1465, 60586, 40002, 40810, 40759, 40782, 40841, 40875, 51349, 51413, 60157, 85276, 80777, 568, 20712, 20764, 4320, 51416, 4346, 1402, 60170, 11153, 649, 58405, 58490, 20540, 60177, 11332, 20759, 40816, 25078, 4309, 4316, 58501, 20140, 25103, 15122, 20545, 35222, 20608, 20145, 20627, 58512, 51388, 8387, 11334, 564, 4363, 15130, 51316, 3765, 60536, 60556, 4288, 523, 15047, 4160, 35281, 4251, 4253, 60618, 60414, 1335, 60599, 60593, 51401, 60403, 6411, 60331, 51287, 60424, 60631, 4279, 60565, 1453, 51242, 60641, 4136, 1015, 60150, 60383, 60550, 6367, 4342, 6394, 60398, 35306, 6332, 60533, 6378, 60577, 51332, 1367, 51392, 51407, 4116, 687, 
-------------------------------------------------------------
Unknown Year/Make/Model:
117122385, 117122436, 117122588, 117122519, 117122534, 117122608, 117122434, 117122613, 117123621, 117122479, 117122422, 117122524, 117122554, 117122606, 117104767, 117104781, 117110182, 117116952, 117116969, 117117006, 117117051, 117114620, 117114628, 117115765, 117114795, 117114811, 117114874, 117114875, 117114888, 117114924, 117115026, 117115035, 117115048, 

Shuppin: 

20080, 20582, 20746, 20677, 20692, 20766, 20580, 20771, 58460, 20634, 20568, 20682, 20712, 20764, 25020, 25034, 35106, 58094, 58111, 58149, 58194, 20098, 20106, 3706, 20281, 20297, 20360, 20361, 20374, 20410, 20512, 20521, 20534, 
-------------------------------------------------------------
Unknown Chassis Prefix:
No issues
-------------------------------------------------------------
No Transmission/Color/Fuel Type:
117123342, 117123666, 117124159, 117122189, 117124261, 117122586, 117124298, 117122026, 117122385, 117123683, 117122436, 117123606, 117122431, 117122433, 117122588, 117122573, 117122519, 117122513, 117122461, 117122550, 117122438, 117122053, 117122595, 117122430, 117122477, 117122534, 117122608, 117122434, 117123648, 117122135, 117122452, 117122435, 117123592, 117122614, 117122432, 117122518, 117122613, 117123621, 117122479, 117122422, 117122584, 117122524, 117122554, 117122606, 117104767, 117104783, 117104781, 117104835, 117118403, 117110084, 117110109, 117110182, 117116870, 117116871, 117116874, 117116885, 117116890, 117116953, 117116952, 117116969, 117116989, 117116996, 117117006, 117117007, 117117051, 117117061, 117113626, 117117116, 117117144, 117117152, 117117168, 117117210, 117117234, 117113863, 117107235, 117114529, 117114528, 117114620, 117114628, 117110388, 117114643, 117114700, 117110442, 117114746, 117114745, 117114777, 117114795, 117114865, 117114874, 117114875, 117114878, 117111176, 117114892, 117114924, 117114937, 117114943, 117114954, 117114970, 117114973, 117114974, 117114983, 117114982, 117110672, 117111314, 117115026, 117115035, 117115036, 117115041, 117115046, 117115048, 117110772, 117115054, 117116558, 117110857, 

Shuppin: 

525, 58504, 6364, 1310, 691, 20744, 80513, 11111, 20080, 58521, 20582, 58445, 20577, 20579, 20746, 20731, 20677, 20671, 20616, 20708, 20590, 11267, 20753, 20576, 20632, 20692, 20766, 20580, 58487, 11371, 20607, 20581, 58431, 20772, 20578, 20676, 20771, 58460, 20634, 20568, 20742, 20682, 20712, 20764, 25020, 25036, 25034, 25096, 8267, 35008, 35033, 35106, 58012, 58013, 58016, 58027, 58032, 58095, 58094, 58111, 58132, 58139, 58149, 58150, 58194, 58204, 11023, 58259, 58287, 58295, 58311, 58353, 58377, 11280, 50449, 20006, 20005, 20098, 20106, 40100, 20121, 20183, 40183, 20229, 20228, 20263, 20281, 20351, 20360, 20361, 20364, 50829, 20378, 20410, 20423, 20429, 20440, 20456, 20459, 20460, 20469, 20468, 40525, 50971, 20512, 20521, 20522, 20527, 20532, 20534, 40678, 20583, 43001, 43002, 
-------------------------------------------------------------
No Equipment:
No issues
-------------------------------------------------------------
Additional Photos Show 'No Foto':
No issues
-------------------------------------------------------------
No Auction Sheet:
No issues
-------------------------------------------------------------
