#############################################################
USS Tokyo Errors: 

Data Collection lasted for 35 minutes and 3.2 seconds.
Error checking completed within 0.1 seconds.
Finished checking on Thursday, 17. October 2019 07:34AM 
#############################################################

No Main Image:
No issues
-------------------------------------------------------------
Japanese Characters:
114717655, 114717530, 114717656, 114717724, 114717556, 114718230, 114717729, 114716727, 114716715, 114716738, 114716733, 114716732, 114716761, 114717698, 114717662, 114717665, 114716708, 114718298, 114718287, 114716777, 114718237, 114716705, 114717786, 114717677, 114717950, 114718025, 114717779, 114717332, 114717807, 114717183, 114717798, 114718313, 114716822, 114716807, 114717795, 114716814, 114718282, 114718220, 114716772, 114717767, 114717782, 114717722, 114717712, 114717739, 114718196, 114717706, 114718222, 114718022, 114716775, 114718258, 114718296, 114717762, 114718147, 114718309, 114717809, 114718132, 114718241, 114718080, 114717693, 114718305, 114716973, 114717900, 114717969, 114717715, 114716721, 114718316, 114718277, 114717808, 114716787, 114716819, 114717797, 114716806, 114716788, 114717750, 114717793, 114717785, 114716799, 114716810, 114716821, 114717800, 114718199, 

Shuppin: 

77177, 73944, 77178, 80200, 75608, 87151, 80206, 20499, 20486, 20515, 20508, 20505, 23556, 80160, 77185, 77194, 20477, 87239, 87220, 23580, 87159, 20473, 80289, 77211, 82396, 82506, 80278, 50296, 80321, 35397, 80305, 87261, 23637, 23613, 80301, 23621, 87213, 87136, 23573, 80264, 80283, 80198, 80183, 80220, 87105, 80171, 87139, 82500, 23576, 87187, 87237, 80258, 84507, 87257, 80323, 84486, 87163, 84423, 80155, 87251, 26089, 82328, 82426, 80187, 20492, 87264, 87208, 80322, 23592, 23633, 80304, 23612, 23593, 80239, 80299, 80288, 23604, 23616, 23636, 80310, 87109, 
-------------------------------------------------------------
Unknown Year/Make/Model:
114693542, 114693547, 114703869, 114704598, 114703974, 114701035, 114693537, 114693796, 114703481, 114693520, 114693645, 114694107, 114693530, 114717369, 114718657, 114718656, 114692975, 114703904, 114703914, 114692942, 114692938, 

Shuppin: 

70108, 70113, 75313, 70128, 75429, 80080, 70102, 70027, 70250, 70078, 75275, 65028, 70091, 70314, 73784, 73783, 73399, 75352, 75362, 73344, 73340, 
-------------------------------------------------------------
Unknown Chassis Prefix:
114693528, 114701035, 114703441, 114693527, 114704724, 114703662, 114721428, 114704663, 114703337, 114704171, 114693522, 114694109, 114693651, 114693521, 114718624, 114707694, 114697490, 114721446, 114721449, 114693795, 114721497, 114693501, 114718593, 114693503, 114718733, 114693537, 114717700, 114693544, 114703902, 114717377, 114718783, 114694104, 114693796, 114718594, 114693524, 114718789, 114703481, 114697393, 114693520, 114703413, 114716395, 114718597, 114693539, 114703936, 114693519, 114693554, 114703475, 114703414, 114693526, 114707710, 114693645, 114703946, 114716433, 114717344, 114701034, 114694130, 114693498, 114703943, 114703377, 114706928, 114693880, 114716392, 114698646, 114693904, 114717382, 114694097, 114717559, 114703453, 114717359, 114693794, 114717375, 114704600, 114694107, 114693489, 114704665, 114707698, 114704620, 114693523, 114693557, 114698073, 114703474, 114707699, 114697397, 114693525, 114703970, 114718596, 114703491, 114693552, 114707693, 114718616, 114697404, 114703424, 114693530, 114704148, 114717369, 114721442, 114718599, 114703434, 114718727, 114693829, 114703393, 114716431, 114703842, 114693518, 114697403, 114697405, 114693644, 114707701, 114718619, 114700977, 114716439, 114703483, 

Shuppin: 

70089, 80080, 70208, 70088, 84291, 73549, 70323, 82055, 65119, 77167, 70080, 65034, 77008, 70079, 70335, 70267, 77017, 77193, 77201, 70020, 82414, 70024, 70278, 70028, 75652, 70102, 80163, 70110, 75350, 70332, 75780, 65023, 70027, 70279, 70084, 75798, 70250, 70004, 70078, 70178, 70281, 70285, 70105, 75387, 70077, 70121, 70243, 70179, 70087, 73658, 75275, 75398, 75624, 65136, 80079, 65071, 70021, 75395, 70135, 70241, 75102, 70244, 65008, 75134, 70341, 65011, 75618, 70220, 70298, 70016, 70329, 70175, 65028, 70002, 82057, 70271, 80095, 70083, 70124, 75241, 70242, 70272, 70029, 70085, 75425, 70284, 70261, 70119, 70266, 70320, 70092, 70191, 70091, 77141, 70314, 77186, 70287, 70201, 75619, 75039, 70155, 75622, 75281, 70076, 70082, 70093, 75271, 70274, 70324, 70086, 75643, 70252, 
-------------------------------------------------------------
No Transmission/Color/Fuel Type:
114704155, 114703962, 114697484, 114693155, 114693584, 114694411, 114693491, 114717491, 114703954, 114692887, 114717527, 114693081, 114703549, 114717426, 114703795, 114694552, 114696789, 114703381, 114718609, 114718587, 114697470, 114718515, 114704160, 114703900, 114700767, 114698252, 114694124, 114700922, 114718824, 114693680, 114696593, 114700774, 114698572, 114696512, 114693528, 114701035, 114703441, 114693527, 114704724, 114703662, 114721428, 114704663, 114703337, 114704171, 114693522, 114694109, 114693651, 114693521, 114718624, 114707694, 114697490, 114721446, 114721449, 114693795, 114721497, 114693501, 114718593, 114693503, 114718733, 114693537, 114717700, 114693544, 114703902, 114717377, 114718783, 114694104, 114693796, 114718594, 114693524, 114718789, 114703481, 114697393, 114693520, 114703413, 114716395, 114718597, 114693539, 114703936, 114693519, 114693554, 114703475, 114703414, 114693526, 114707710, 114693645, 114703946, 114716433, 114717344, 114701034, 114694130, 114693498, 114703943, 114703377, 114706928, 114693880, 114716392, 114698646, 114693904, 114717382, 114694097, 114717559, 114703453, 114717359, 114693794, 114717375, 114704600, 114694107, 114693489, 114704665, 114707698, 114704620, 114693523, 114693557, 114698073, 114703474, 114707699, 114697397, 114693525, 114703970, 114718596, 114703491, 114693552, 114707693, 114718616, 114697404, 114703424, 114693530, 114704148, 114717369, 114721442, 114718599, 114703434, 114718727, 114693829, 114703393, 114716431, 114703842, 114693518, 114697403, 114697405, 114693644, 114707701, 114718619, 114700977, 114716439, 114703483, 114693981, 114693514, 114700768, 114717771, 114697053, 

Shuppin: 

77149, 75416, 75344, 73229, 75169, 65021, 70008, 73887, 75407, 73228, 73939, 73025, 73258, 73794, 73707, 84205, 40452, 70140, 70301, 65145, 75163, 40532, 77155, 75348, 40273, 20399, 65060, 50115, 80229, 77045, 40150, 40295, 50097, 40041, 70089, 80080, 70208, 70088, 84291, 73549, 70323, 82055, 65119, 77167, 70080, 65034, 77008, 70079, 70335, 70267, 77017, 77193, 77201, 70020, 82414, 70024, 70278, 70028, 75652, 70102, 80163, 70110, 75350, 70332, 75780, 65023, 70027, 70279, 70084, 75798, 70250, 70004, 70078, 70178, 70281, 70285, 70105, 75387, 70077, 70121, 70243, 70179, 70087, 73658, 75275, 75398, 75624, 65136, 80079, 65071, 70021, 75395, 70135, 70241, 75102, 70244, 65008, 75134, 70341, 65011, 75618, 70220, 70298, 70016, 70329, 70175, 65028, 70002, 82057, 70271, 80095, 70083, 70124, 75241, 70242, 70272, 70029, 70085, 75425, 70284, 70261, 70119, 70266, 70320, 70092, 70191, 70091, 77141, 70314, 77186, 70287, 70201, 75619, 75039, 70155, 75622, 75281, 70076, 70082, 70093, 75271, 70274, 70324, 70086, 75643, 70252, 30020, 70045, 40281, 80269, 23159, 
-------------------------------------------------------------
No Equipment:
No issues
-------------------------------------------------------------
Additional Photos Show 'No Foto':
No issues
-------------------------------------------------------------
No Auction Sheet:
No issues
-------------------------------------------------------------
