#############################################################
USS Tokyo Errors: 

Data Collection lasted for 43 minutes and 35.7 seconds.
Error checking completed within 0.1 seconds.
Finished checking on Thursday, 05. March 2020 06:52AM 
#############################################################

No Main Image:
No issues
-------------------------------------------------------------
Japanese Characters:
117231423, 117239530, 117239512, 117231451, 117231462, 117239652, 117239615, 117239684, 117239661, 117239636, 117239775, 117231352, 117231369, 117232327, 117231443, 117239783, 117231446, 117239708, 117231442, 117239784, 117231537, 117231723, 117231454, 117231444, 117231815, 117239537, 117231978, 117239601, 117239525, 117230295, 117228888, 117239081, 117229697, 117229729, 117229185, 117229716, 117229213, 117229077, 117229228, 117238816, 117228444, 117239520, 117229689, 117239480, 117232374, 117230030, 117229886, 117229876, 117231998, 117228328, 117228612, 117239487, 117229533, 117239239, 117239236, 117239242, 117239462, 117229818, 117231021, 117229919, 117239438, 117230492, 117230999, 117239763, 117229837, 117231015, 117239042, 117229184, 117229549, 117229148, 117238847, 117229120, 117229262, 117229828, 117239033, 117239034, 117230969, 117229790, 117229240, 117229195, 117238809, 117229902, 117229219, 117229241, 117229243, 117229918, 117229879, 117229819, 117229764, 117229117, 117239000, 117239040, 117229720, 117229701, 117229258, 117231367, 117239475, 117228440, 117228447, 117233481, 117232597, 117233471, 117228404, 117238743, 117228450, 117228382, 117233400, 117228445, 117232027, 117232014, 117231926, 117228391, 117233026, 117228292, 117238727, 117228331, 117228351, 117228398, 117228472, 117238793, 117230845, 117229793, 117238801, 117228478, 117228451, 117228420, 117228459, 117228407, 117239655, 117239509, 117229829, 117239477, 117228385, 117231022, 117229858, 117231004, 117229783, 117229875, 117239669, 117228915, 117239072, 117228886, 117229801, 117229081, 117229907, 117229152, 117239465, 117229808, 117238994, 117229736, 117229203, 117229281, 117238993, 117229255, 117239037, 117230710, 117231467, 117230826, 117230507, 117229723, 117230784, 117231820, 117239559, 117229791, 117229912, 117229922, 117239127, 117239546, 117229541, 117231368, 117239792, 117231547, 117232023, 117239785, 117239406, 117239427, 117231044, 117229845, 117232581, 117229100, 117214007, 117214387, 117239601, 117229697, 117229716, 117229689, 117229886, 117229876, 117229533, 117239462, 117229818, 117231021, 117239438, 117231015, 117229148, 117229549, 117239034, 117230969, 117229902, 117229918, 117229764, 117229720, 117229793, 117229829, 117231022, 117231004, 117229801, 117229907, 117229808, 117229736, 117229203, 117229723, 117229912, 117229922, 117239427, 117231044, 117229845, 

Shuppin: 

74005, 70355, 70337, 74034, 74045, 74168, 74131, 74200, 74177, 74152, 75866, 73910, 73940, 83940, 74026, 75874, 74029, 75799, 74025, 75875, 75479, 75674, 74037, 74027, 75766, 74053, 80301, 74117, 70350, 35135, 20635, 29214, 26075, 26107, 23755, 26094, 23783, 23647, 23798, 1237, 1135, 70345, 26067, 70305, 84340, 29172, 26264, 26254, 80321, 10212, 12281, 70312, 25901, 3205, 3202, 3208, 50451, 26196, 50374, 26297, 50427, 35422, 50352, 75854, 26215, 50368, 26335, 23754, 25917, 23718, 20680, 23690, 23831, 26206, 26326, 26327, 50322, 26168, 23809, 23765, 12314, 26280, 23789, 23810, 23812, 26296, 26257, 26197, 26142, 23687, 23907, 26333, 26098, 26079, 23827, 73938, 67077, 1131, 1138, 989, 850, 978, 1095, 1193, 1141, 1073, 902, 1136, 80350, 80337, 80200, 1082, 874, 1018, 1177, 1022, 1042, 1089, 1163, 1230, 40709, 26171, 12307, 1169, 1142, 1111, 1150, 1098, 74171, 70334, 26207, 70302, 1076, 50375, 26236, 50357, 26161, 26253, 74185, 20662, 29205, 20633, 26179, 23651, 26285, 23722, 50454, 26186, 23901, 26114, 23773, 23850, 23900, 23824, 26330, 40558, 74050, 40690, 35437, 26101, 40641, 75771, 74075, 26169, 26290, 26300, 30486, 74062, 25909, 73939, 75883, 75490, 80346, 75876, 40771, 50416, 50397, 26223, 84564, 23670, 73400, 75009, 74117, 26075, 26094, 26067, 26264, 26254, 25901, 50451, 26196, 50374, 50427, 50368, 23718, 25917, 26327, 50322, 26280, 26296, 26142, 26098, 26171, 26207, 50375, 50357, 26179, 26285, 26186, 26114, 23773, 26101, 26290, 26300, 50416, 50397, 26223, 
-------------------------------------------------------------
Unknown Year/Make/Model:
117239493, 117239499, 117239491, 117239505, 117231133, 117239504, 117215543, 117230312, 117214782, 117214120, 117239743, 117213904, 117213908, 117213913, 117215076, 117215079, 117231115, 117231112, 117231113, 117227224, 117227243, 117227263, 117214833, 117213835, 117231139, 117239807, 117231727, 

Shuppin: 

70318, 70324, 70316, 70330, 70218, 70329, 78009, 35213, 75204, 75390, 75834, 65033, 65044, 65050, 70050, 70060, 70176, 70173, 70174, 70193, 70235, 70277, 77102, 77126, 70230, 77213, 75678, 
-------------------------------------------------------------
Unknown Chassis Prefix:
No issues
-------------------------------------------------------------
No Transmission/Color/Fuel Type:
117239383, 117239377, 117239476, 117239493, 117239517, 117239513, 117239503, 117239499, 117239526, 117239492, 117239494, 117239529, 117230800, 117239491, 117239495, 117239490, 117231610, 117239505, 117231133, 117239504, 117239498, 117215543, 117214869, 117214872, 117215567, 117214887, 117214896, 117213140, 117239580, 117213282, 117226100, 117215593, 117231471, 117218676, 117214781, 117214782, 117214798, 117214799, 117214120, 117214801, 117231519, 117227321, 117231581, 117238956, 117220234, 117220243, 117231764, 117231799, 117231800, 117220303, 117239699, 117239734, 117239743, 117239744, 117239761, 117239765, 117239766, 117231977, 117215024, 117213898, 117213899, 117215031, 117215032, 117213903, 117239911, 117215035, 117213908, 117213913, 117215042, 117213918, 117215043, 117239977, 117213928, 117231057, 117231059, 117227181, 117231070, 117213936, 117213956, 117213955, 117213954, 117215070, 117227192, 117213957, 117215074, 117213960, 117215076, 117215079, 117213735, 117215081, 117227193, 117215086, 117215092, 117213756, 117213761, 117214695, 117213771, 117214698, 117227200, 117227201, 117227209, 117227211, 117227212, 117215099, 117231115, 117231112, 117231113, 117231114, 117227214, 117227215, 117227213, 117231117, 117227216, 117227224, 117229553, 117227228, 117215101, 117231128, 117227229, 117227243, 117227252, 117231150, 117233051, 117227263, 117227276, 117239507, 117214813, 117213817, 117214833, 117213835, 117239122, 117227371, 117227375, 117239801, 117239383, 117231577, 117239377, 117239331, 117231628, 117231139, 117231116, 117239807, 117231530, 117231727, 117231066, 117231760, 117231671, 117231700, 117231376, 117231157, 117231782, 117231064, 117230800, 117231702, 117239741, 117231498, 

Shuppin: 

40735, 40652, 70301, 70318, 70342, 70338, 70328, 70324, 70351, 70317, 70319, 70354, 40664, 70316, 70320, 70315, 75558, 70330, 70218, 70329, 70323, 78009, 78043, 78048, 78072, 78081, 78096, 73813, 74096, 73812, 73876, 78140, 75004, 35009, 75187, 75204, 75354, 75380, 75390, 75399, 75432, 75458, 75528, 23863, 80036, 80045, 75715, 75750, 75751, 80113, 75790, 75825, 75834, 75835, 75852, 75856, 75857, 80300, 65009, 65023, 65024, 65029, 65030, 65031, 80429, 65039, 65044, 65050, 65054, 65059, 65062, 80495, 65077, 65098, 65100, 65103, 65118, 70001, 70036, 70035, 70034, 70038, 70040, 70037, 70047, 70045, 70050, 70060, 70059, 70062, 70068, 70073, 70094, 70109, 70118, 70135, 70137, 70146, 70154, 70155, 70167, 70170, 70171, 70172, 70176, 70173, 70174, 70175, 70178, 70179, 70177, 70184, 70181, 70193, 25921, 70204, 70205, 70207, 70210, 70235, 70255, 70261, 87427, 70277, 70300, 70332, 77036, 77085, 77102, 77126, 30481, 77189, 77194, 77207, 40735, 75523, 40652, 35500, 75576, 70230, 70180, 77213, 75465, 75678, 65114, 75711, 75621, 75651, 73950, 70274, 75733, 65112, 40664, 75653, 75832, 75296, 
-------------------------------------------------------------
No Equipment:
No issues
-------------------------------------------------------------
Additional Photos Show 'No Foto':
No issues
-------------------------------------------------------------
No Auction Sheet:
No issues
-------------------------------------------------------------
