#############################################################
USS Tokyo Errors: 

Data Collection lasted for 18 minutes and 15.2 seconds.
Error checking completed within 0.1 seconds.
Finished checking on Thursday, 05. December 2019 07:33AM 
#############################################################

No Main Image:
No issues
-------------------------------------------------------------
Japanese Characters:
115673103, 115673564, 115673542, 115673426, 115673527, 115673575, 115673375, 115673385, 115673163, 115673548, 115673096, 115673497, 115673581, 115673482, 115673392, 115673386, 115673531, 115673396, 115673574, 115673431, 115673526, 115673442, 115673508, 115673370, 115673518, 115674668, 115672141, 115671559, 115671525, 115671761, 115671827, 115671740, 115672779, 115674598, 115672393, 115672756, 115674575, 115672130, 115671547, 115671601, 115671602, 115671785, 115671849, 115673382, 115673285, 115672966, 115672215, 115673263, 115673727, 115674535, 115674814, 115674373, 115671570, 115673602, 115674613, 115673669, 115671613, 115672087, 115672814, 115672189, 115672315, 115672193, 115672311, 115672142, 115671551, 115672042, 115671911, 115673414, 115671898, 115674554, 115671580, 115671838, 115671762, 115662438, 115662313, 115662062, 115650151, 115673167, 115653994, 115662460, 115663415, 115662379, 115651069, 

Shuppin: 

74173, 75740, 75718, 75603, 75703, 75751, 75553, 75563, 74232, 75724, 74166, 75674, 75757, 75659, 75570, 75564, 75707, 75574, 75750, 75608, 75702, 75619, 75685, 75548, 75695, 87464, 29126, 20633, 20599, 23706, 23772, 23685, 50319, 87395, 3199, 50296, 87372, 29115, 20621, 20676, 20677, 23730, 23794, 75560, 74353, 692, 30365, 74331, 779, 87332, 968, 846, 20644, 75779, 87409, 77181, 20688, 25976, 50354, 30289, 30465, 30293, 30461, 29127, 20625, 25931, 25800, 75592, 25787, 87351, 20654, 23783, 23707, 75432, 75301, 73793, 73347, 74236, 75236, 75455, 75053, 75369, 75212, 
-------------------------------------------------------------
Unknown Year/Make/Model:
115672980, 115672977, 115663318, 115662388, 115651038, 115662241, 115671143, 115673450, 115661735, 115662479, 115673025, 115662233, 115650620, 115662252, 115673028, 115671134, 115661624, 115663319, 115661726, 115661729, 115660034, 115651052, 115662965, 115672454, 115672011, 115671839, 115665926, 115664426, 115659126, 115659666, 115661428, 115655219, 115659778, 115653318, 115663126, 

Shuppin: 

70361, 70358, 65018, 75380, 75173, 70009, 75486, 75627, 70348, 75475, 70406, 70001, 77071, 70023, 70409, 75440, 70223, 65020, 70338, 70341, 74036, 75189, 20410, 35296, 25900, 23784, 25687, 25098, 23034, 23101, 25026, 23547, 25594, 25300, 20574, 
-------------------------------------------------------------
Unknown Chassis Prefix:
115672917, 115672980, 115673438, 115673024, 115673031, 115672977, 115650998, 115662256, 115661597, 115672992, 115663348, 115662261, 115662479, 115654120, 115650778, 115672974, 115672971, 115673025, 115650751, 115662233, 115673122, 115650620, 115662252, 115672973, 115673028, 115671134, 115661624, 115663319, 115661711, 115663359, 115650776, 115661587, 115650777, 115650709, 115662286, 115662516, 115673379, 115661731, 115673012, 115662314, 115673238, 115672920, 115650679, 115663447, 115661590, 115650663, 115662260, 115661726, 115661593, 115662245, 115650693, 115674808, 115650627, 115650683, 115661732, 115662472, 115672907, 115673321, 115662330, 115650685, 115661729, 115673457, 115650771, 115650790, 115661713, 115661701, 115673666, 115660034, 115671038, 115654708, 115672995, 115673428, 115661609, 115663364, 115651025, 115663314, 115661589, 115663393, 115661677, 115662262, 115651052, 115661721, 115650708, 115650678, 115672975, 115672991, 115661610, 115673029, 115672985, 115650702, 115650743, 

Shuppin: 

65130, 70361, 75615, 70405, 70412, 70358, 65060, 70153, 70190, 70373, 65102, 70158, 75475, 65073, 70130, 70355, 70352, 70406, 70103, 70001, 74192, 77071, 70023, 70354, 70409, 75440, 70223, 65020, 70320, 65113, 70128, 70179, 70129, 70061, 70337, 77039, 75557, 70343, 70393, 75302, 74306, 65133, 70027, 75086, 70183, 65064, 70157, 70338, 70186, 70014, 70043, 962, 77078, 70031, 70344, 75467, 65120, 75495, 75318, 70033, 70341, 75634, 70123, 70143, 70322, 70309, 77178, 74036, 74140, 75375, 70376, 75605, 70204, 70024, 75153, 65013, 70182, 75031, 70283, 70159, 75189, 70331, 70060, 70026, 70356, 70372, 70205, 70410, 70366, 70053, 70095, 
-------------------------------------------------------------
No Transmission/Color/Fuel Type:
115673129, 115672917, 115672980, 115673438, 115673024, 115673031, 115672977, 115671069, 115662417, 115663388, 115650800, 115673303, 115673117, 115662515, 115663349, 115659541, 115672906, 115661751, 115650998, 115662256, 115661597, 115672992, 115663348, 115662261, 115662479, 115654120, 115650778, 115672974, 115672971, 115673025, 115650751, 115662233, 115673122, 115650620, 115662252, 115672973, 115673028, 115671134, 115661624, 115663319, 115661711, 115663359, 115650776, 115661587, 115650777, 115650709, 115662286, 115662516, 115673379, 115661731, 115673012, 115662314, 115673238, 115672920, 115650679, 115663447, 115661590, 115650663, 115662260, 115661726, 115661593, 115662245, 115650693, 115674808, 115650627, 115650683, 115661732, 115662472, 115672907, 115673321, 115662330, 115650685, 115661729, 115673457, 115650771, 115650790, 115661713, 115661701, 115673666, 115660034, 115671038, 115654708, 115672995, 115673428, 115661609, 115663364, 115651025, 115663314, 115661589, 115663393, 115661677, 115662262, 115651052, 115661721, 115650708, 115650678, 115672975, 115672991, 115661610, 115673029, 115672985, 115650702, 115650743, 115662243, 115651106, 115663304, 115653483, 115674488, 

Shuppin: 

74199, 65130, 70361, 75615, 70405, 70412, 70358, 77127, 75411, 75025, 75284, 74371, 74187, 77038, 65103, 40483, 65119, 73022, 65060, 70153, 70190, 70373, 65102, 70158, 75475, 65073, 70130, 70355, 70352, 70406, 70103, 70001, 74192, 77071, 70023, 70354, 70409, 75440, 70223, 65020, 70320, 65113, 70128, 70179, 70129, 70061, 70337, 77039, 75557, 70343, 70393, 75302, 74306, 65133, 70027, 75086, 70183, 65064, 70157, 70338, 70186, 70014, 70043, 962, 77078, 70031, 70344, 75467, 65120, 75495, 75318, 70033, 70341, 75634, 70123, 70143, 70322, 70309, 77178, 74036, 74140, 75375, 70376, 75605, 70204, 70024, 75153, 65013, 70182, 75031, 70283, 70159, 75189, 70331, 70060, 70026, 70356, 70372, 70205, 70410, 70366, 70053, 70095, 70012, 75266, 65003, 25470, 87286, 
-------------------------------------------------------------
No Equipment:
No issues
-------------------------------------------------------------
Additional Photos Show 'No Foto':
No issues
-------------------------------------------------------------
No Auction Sheet:
No issues
-------------------------------------------------------------
