#############################################################
Arai Van Truck Errors: 

Data Collection lasted for 15 minutes and 21.2 seconds.
Error checking completed within 0.0 seconds.
Finished checking on Friday, 26. April 2019 09:32PM 
#############################################################

No Main Image:
No issues
-------------------------------------------------------------
Japanese Characters:
111456035, 111464008, 111482996, 

Shuppin: 

4655, 1310, 5851, 
-------------------------------------------------------------
Unknown Year/Make/Model:
111446765, 111483073, 111447689, 111447680, 111464894, 111483315, 111464860, 111482817, 111464891, 111447700, 111479970, 111465806, 111455988, 111465798, 111482573, 111482569, 111456035, 111465775, 111482296, 111456344, 111482556, 111456076, 111456112, 111482344, 111482255, 111465805, 111465724, 111483117, 111483586, 111483040, 111482439, 111483238, 111455974, 111483585, 111482675, 111482704, 111456128, 111482848, 111465795, 111456095, 111455981, 111483250, 111465556, 111482669, 111465707, 111465817, 111465828, 111482893, 111455752, 111464115, 111483254, 111482996, 111460195, 111483129, 111460618, 

Shuppin: 

3021, 5930, 4673, 4618, 8347, 6181, 5221, 5603, 5731, 4738, 5543, 5686, 4516, 5523, 4561, 4557, 4655, 5354, 2833, 8720, 4544, 4715, 4758, 3463, 2509, 5685, 5184, 5974, 951, 5896, 3620, 6100, 4501, 907, 5373, 5448, 4781, 5642, 5467, 4737, 4508, 6113, 2819, 5365, 5080, 5711, 5728, 5700, 2503, 5180, 6117, 5851, 8717, 5986, 1319, 
-------------------------------------------------------------
Unknown Chassis Prefix:
No issues
-------------------------------------------------------------
No Transmission/Color/Fuel Type:
111446765, 111483073, 111482739, 111464837, 111479881, 111484502, 111479804, 111483384, 111482824, 111447689, 111464894, 111483315, 111464860, 111482817, 111483281, 111447700, 111447698, 111483016, 111483011, 111465806, 111455988, 111464103, 111483339, 111465798, 111465758, 111447675, 111465659, 111456035, 111483132, 111482757, 111482884, 111482773, 111483094, 111465775, 111482296, 111483121, 111483222, 111465681, 111482556, 111456076, 111483142, 111482741, 111456112, 111456065, 111482344, 111482255, 111482250, 111483270, 111483085, 111483252, 111465765, 111479931, 111479888, 111465807, 111482745, 111465805, 111456098, 111482629, 111483008, 111465736, 111482976, 111482871, 111465823, 111465724, 111483225, 111483117, 111483586, 111482910, 111483040, 111482439, 111483238, 111482684, 111465744, 111483131, 111483123, 111482845, 111465718, 111455974, 111483585, 111456311, 111464107, 111482704, 111456293, 111456302, 111482703, 111456304, 111482592, 111456128, 111482848, 111483334, 111483318, 111465795, 111482583, 111465830, 111456307, 111456095, 111483030, 111465687, 111479946, 111483269, 111482719, 111482912, 111482970, 111455981, 111483250, 111465556, 111482669, 111465707, 111465817, 111465828, 111483330, 111482833, 111482893, 111455752, 111482707, 111464115, 111483254, 111483289, 111482849, 111482996, 111460195, 111464845, 111483129, 111482654, 111460618, 111479799, 111464073, 111465674, 111483067, 111464265, 111482486, 111479995, 111483353, 111480032, 111479944, 

Shuppin: 

3021, 5930, 5505, 3301, 3610, 8751, 3384, 6831, 5610, 4673, 8347, 6181, 5221, 5603, 6147, 4738, 4725, 5872, 5867, 5686, 4516, 5117, 6208, 5523, 5303, 3094, 3409, 4655, 5989, 5526, 5691, 5552, 5951, 5354, 2833, 5978, 6084, 5032, 4544, 4715, 5999, 5509, 4758, 4699, 3463, 2509, 1343, 6135, 5942, 6115, 5317, 5378, 5005, 5689, 5513, 5685, 4741, 5271, 5864, 5210, 5831, 5675, 5722, 5184, 6087, 5974, 951, 5757, 5896, 3620, 6100, 5393, 5252, 5988, 5980, 5639, 5127, 4501, 907, 8327, 5134, 5448, 8302, 8315, 5447, 8317, 5143, 4781, 5642, 6201, 6185, 5467, 5089, 5730, 8321, 4737, 5886, 5039, 5431, 6134, 5481, 5759, 5824, 4508, 6113, 2819, 5365, 5080, 5711, 5728, 6197, 5621, 5700, 2503, 5454, 5180, 6117, 6155, 5643, 5851, 8717, 5055, 5986, 5344, 1319, 3234, 5023, 3425, 5924, 8120, 3668, 6804, 6787, 8383, 5424, 
-------------------------------------------------------------
No Equipment:
No issues
-------------------------------------------------------------
Additional Photos Show 'No Foto':
No issues
-------------------------------------------------------------
No Auction Sheet:
No issues
-------------------------------------------------------------
