#############################################################
USS Nagoya Errors: 

Data Collection lasted for 41 minutes and 8.4 seconds.
Error checking completed within 0.1 seconds.
Finished checking on Friday, 20. September 2019 06:46AM 
#############################################################

No Main Image:
No issues
-------------------------------------------------------------
Japanese Characters:
No issues
-------------------------------------------------------------
Unknown Year/Make/Model:
114166266, 114179016, 114179015, 114175588, 114186300, 114178523, 114186348, 114179136, 114174308, 114184350, 

Shuppin: 

25086, 58279, 58278, 20127, 20482, 20396, 20661, 58501, 20369, 11267, 
-------------------------------------------------------------
Unknown Chassis Prefix:
114173130, 114178452, 114178451, 114177761, 114166269, 114166241, 114186394, 114186269, 114166265, 114174324, 114171668, 114175597, 114186372, 114186344, 114178463, 114186373, 114178507, 114186244, 114186347, 114173176, 114186238, 114186368, 114178453, 114175012, 114188082, 114179057, 114186369, 114175014, 114178617, 114178455, 114178448, 114178966, 114178971, 114187538, 114175008, 114178365, 114174438, 114186230, 114175010, 114178456, 114178423, 114178994, 114178499, 114170425, 114186288, 114186231, 114186172, 114186360, 114178609, 114178523, 114186348, 114186603, 114173131, 114179136, 114178544, 114166273, 114178371, 114179011, 114186570, 114175013, 114174321, 114183588, 114171379, 114186336, 114186178, 114173168, 114186276, 114178567, 114178354, 114176922, 114179034, 114174308, 114178561, 114178546, 114178980, 114179006, 114172999, 114178953, 114171372, 114178968, 114173169, 114186177, 114178353, 114178555, 114175357, 114178449, 114174656, 114178447, 114187559, 114175594, 

Shuppin: 

43007, 20232, 20231, 25050, 25090, 25052, 25115, 20366, 25085, 20645, 58087, 20641, 20713, 20654, 20250, 20716, 20335, 20296, 20660, 58103, 20269, 20708, 20233, 20631, 58471, 58364, 20709, 20634, 20590, 20239, 20228, 58190, 58199, 35047, 20380, 20027, 35003, 20226, 20395, 20240, 20187, 58242, 20319, 40240, 20447, 20234, 20005, 20685, 20577, 20396, 20661, 58244, 43008, 58501, 20442, 25095, 20040, 58272, 58077, 20633, 20632, 35068, 20611, 20591, 20021, 58086, 20411, 20489, 20002, 58417, 58307, 20369, 20472, 20446, 58214, 58264, 20109, 58170, 20357, 58192, 58093, 20017, 20001, 20464, 58367, 20229, 58377, 20227, 35104, 20383, 
-------------------------------------------------------------
No Transmission/Color/Fuel Type:
114188075, 114171377, 114179246, 114187565, 114179016, 114166346, 114178574, 114186097, 114186322, 114166411, 114173127, 114175783, 114179068, 114187429, 114179050, 114173130, 114178452, 114178451, 114177761, 114166269, 114166241, 114186394, 114186269, 114166265, 114174324, 114171668, 114175597, 114186372, 114186344, 114178463, 114186373, 114178507, 114186244, 114186347, 114173176, 114186238, 114186368, 114178453, 114175012, 114188082, 114179057, 114186369, 114175014, 114178617, 114178455, 114178448, 114178966, 114178971, 114187538, 114175008, 114178365, 114174438, 114186230, 114175010, 114178456, 114178423, 114178994, 114178499, 114170425, 114186288, 114186231, 114186172, 114186360, 114178609, 114178523, 114186348, 114186603, 114173131, 114179136, 114178544, 114166273, 114178371, 114179011, 114186570, 114175013, 114174321, 114183588, 114171379, 114186336, 114186178, 114173168, 114186276, 114178567, 114178354, 114176922, 114179034, 114174308, 114178561, 114178546, 114178980, 114179006, 114172999, 114178953, 114171372, 114178968, 114173169, 114186177, 114178353, 114178555, 114175357, 114178449, 114174656, 114178447, 114187559, 114175594, 114188216, 

Shuppin: 

58437, 20598, 60446, 35123, 58279, 50082, 20504, 1250, 20562, 50187, 43003, 58116, 58394, 20147, 58328, 43007, 20232, 20231, 25050, 25090, 25052, 25115, 20366, 25085, 20645, 58087, 20641, 20713, 20654, 20250, 20716, 20335, 20296, 20660, 58103, 20269, 20708, 20233, 20631, 58471, 58364, 20709, 20634, 20590, 20239, 20228, 58190, 58199, 35047, 20380, 20027, 35003, 20226, 20395, 20240, 20187, 58242, 20319, 40240, 20447, 20234, 20005, 20685, 20577, 20396, 20661, 58244, 43008, 58501, 20442, 25095, 20040, 58272, 58077, 20633, 20632, 35068, 20611, 20591, 20021, 58086, 20411, 20489, 20002, 58417, 58307, 20369, 20472, 20446, 58214, 58264, 20109, 58170, 20357, 58192, 58093, 20017, 20001, 20464, 58367, 20229, 58377, 20227, 35104, 20383, 60669, 
-------------------------------------------------------------
No Equipment:
No issues
-------------------------------------------------------------
Additional Photos Show 'No Foto':
No issues
-------------------------------------------------------------
No Auction Sheet:
No issues
-------------------------------------------------------------
