#############################################################
USS Nagoya Errors: 

Data Collection lasted for 12 minutes and 50.1 seconds.
Error checking completed within 0.1 seconds.
Finished checking on Friday, 27. December 2019 07:41AM 
#############################################################

No Main Image:
No issues
-------------------------------------------------------------
Japanese Characters:
116056505, 116056472, 116056410, 116056429, 116056471, 116056481, 116057249, 116056510, 116058313, 116058311, 116057238, 116056503, 116056461, 116056436, 116056431, 116058324, 116056435, 116058333, 116058325, 116058550, 116056597, 116058536, 116058027, 116056282, 116057555, 116058035, 116056164, 116057221, 116058000, 116056360, 116057218, 116058129, 116058132, 116057224, 116057237, 116058169, 116056142, 116058179, 116058511, 116058001, 116056206, 116056146, 116057680, 116057547, 116056122, 116056906, 116056315, 116058485, 116058465, 116058503, 116057031, 116056366, 116056450, 116056523, 116058318, 116056347, 116058579, 116058493, 116056225, 116058514, 116056019, 116058163, 116057601, 116058126, 116058492, 116056361, 116058606, 116057407, 116058243, 116056502, 116058162, 116056895, 116057375, 116057606, 116057683, 116057640, 116058004, 116056595, 116057001, 116057544, 116059023, 116059185, 116056030, 116058146, 116056126, 116056637, 116056116, 116057858, 116058519, 116056137, 116056504, 116056462, 116058638, 116057574, 116058323, 116056855, 116058128, 116056217, 116056026, 116056207, 116056149, 116056229, 116056168, 116056133, 116059203, 116057246, 116058499, 116058149, 116056158, 116058379, 116058153, 116058500, 116056174, 116056046, 116056151, 116057508, 116056639, 116057271, 116057217, 116056755, 116056107, 116058639, 116056169, 116056370, 116056042, 116058632, 116057466, 116058652, 116058139, 116058648, 116057253, 116056140, 116056156, 116056227, 116058546, 116056363, 116058642, 116058446, 116056349, 116058504, 116059047, 116059066, 116059070, 116059433, 116058773, 116059063, 116059016, 116059044, 116059058, 116059384, 116059060, 116059051, 116059034, 116059045, 116059046, 116059054, 116059447, 116059071, 116059386, 116059387, 116059446, 116057084, 116058158, 116058466, 116058150, 116056043, 116056209, 116058008, 116056177, 116057386, 116056620, 116059165, 116057590, 116056422, 116056306, 116059411, 116058267, 116058247, 116058258, 116058275, 116058268, 116059041, 116058779, 116059035, 116058959, 116059434, 116058282, 116058195, 116059055, 116058264, 116059072, 116058274, 116058273, 116058990, 116058262, 116056426, 116056128, 116056475, 116056166, 116056203, 116056195, 116056150, 116056199, 116056430, 116059030, 116058240, 116058276, 116059062, 116059003, 116058824, 116059196, 116056157, 116059064, 116056493, 116056371, 116057820, 116058137, 116058548, 116056354, 116058481, 116058663, 116059186, 116058457, 116058526, 116058665, 116059183, 116059191, 116057537, 116059133, 116059458, 116056615, 116058040, 116058064, 116057558, 116058034, 116056228, 116057258, 116057316, 116056916, 116058455, 116058664, 116058432, 116058512, 116056184, 116056189, 116056176, 116058438, 116056220, 116058122, 116059346, 116059018, 116058277, 116058382, 116056021, 116057645, 116057216, 116058422, 116058424, 116057835, 116058172, 116058469, 116058148, 116056454, 116057341, 116057030, 116058506, 116058391, 116058430, 116058435, 116058022, 116056057, 116057950, 116056521, 116056509, 116056489, 116058175, 116058403, 116058314, 116056480, 116056625, 116057299, 116057144, 116058338, 116058140, 116058042, 116058045, 116058463, 116058021, 116058059, 116057700, 116057549, 116057986, 116058658, 116058399, 116056644, 116058645, 116056281, 116057567, 116058420, 116058005, 116058661, 116058174, 116057213, 116057027, 116058533, 116058143, 116056318, 116058530, 116058556, 116057583, 116057681, 116057215, 116058419, 116058002, 116058649, 116058459, 116058576, 116057239, 116056123, 116058528, 116057611, 116057609, 116057240, 116057586, 116056359, 116056234, 116058460, 116057631, 116058426, 116058659, 116058159, 

Shuppin: 

20585, 20525, 20129, 20293, 20519, 20558, 35123, 20590, 58077, 58074, 35113, 20582, 20399, 20314, 20299, 58089, 20311, 58098, 58090, 60332, 255, 60317, 4121, 15029, 3805, 4129, 1311, 35099, 4094, 17184, 35096, 50217, 50220, 35100, 35112, 50260, 1278, 50270, 60290, 4095, 1353, 1285, 3934, 3799, 1210, 326, 17029, 60264, 60242, 60281, 3380, 17190, 20342, 20603, 58083, 17143, 6194, 60271, 1371, 60293, 1005, 50254, 3851, 50214, 60270, 17185, 6258, 3661, 55091, 20581, 50253, 325, 363, 3856, 3937, 3892, 4098, 253, 335, 3796, 80384, 8312, 1048, 50235, 1221, 295, 1183, 40527, 60299, 1267, 20583, 20402, 6326, 3823, 58088, 321, 50216, 1363, 1020, 1354, 1290, 1375, 1316, 1251, 8331, 35120, 60277, 50238, 1306, 60151, 50243, 60278, 1321, 1101, 1293, 376, 297, 3526, 35094, 311, 114, 6327, 1317, 17194, 1092, 6319, 372, 6340, 50227, 6336, 35127, 1270, 1304, 1373, 60328, 17187, 6330, 60222, 17149, 60282, 80409, 80428, 80431, 85246, 80112, 80425, 80377, 80406, 80420, 85192, 80422, 80412, 80396, 80407, 80408, 80416, 85261, 80432, 85194, 85195, 85260, 343, 50248, 60243, 50240, 1095, 1356, 4101, 1325, 364, 278, 8251, 384, 20269, 17011, 85221, 55117, 55095, 55107, 55125, 55118, 80402, 80119, 80397, 80320, 85247, 55133, 55019, 80417, 55114, 80433, 55124, 55123, 80350, 55112, 20281, 123, 20545, 1314, 1350, 1342, 1291, 1347, 20296, 80391, 55088, 55126, 80424, 80364, 80174, 8324, 1305, 80426, 20571, 17195, 40426, 50225, 60330, 17161, 60260, 6352, 8313, 60235, 60306, 6354, 8309, 8318, 379, 8151, 96, 273, 4134, 50020, 3808, 4128, 1374, 3514, 357, 327, 60231, 6353, 60208, 60291, 1331, 1337, 1324, 60214, 1366, 50210, 85153, 80379, 55127, 60154, 1008, 3898, 35093, 60197, 60199, 4046, 50263, 60247, 50237, 20363, 3595, 338, 60284, 60164, 60206, 60211, 4116, 11163, 40843, 20601, 20589, 20567, 50266, 60177, 58078, 20557, 283, 3553, 349, 58103, 50229, 4136, 4139, 60240, 4115, 50007, 3956, 380, 4088, 6346, 60173, 300, 6333, 15028, 3817, 60195, 4099, 6349, 50265, 35090, 3377, 60314, 50232, 17034, 60310, 6075, 3832, 3935, 35092, 60194, 4096, 6337, 60237, 6177, 35114, 1215, 60308, 3862, 3859, 35115, 3835, 17175, 1380, 60238, 3883, 60202, 6347, 50249, 
-------------------------------------------------------------
Unknown Year/Make/Model:
116056490, 116056455, 116056440, 116056414, 116056479, 116058342, 116056454, 116056044, 116056054, 116052947, 116054951, 116052724, 116052906, 116052189, 116055851, 116058591, 116052262, 116055920, 116052531, 116052314, 116052567, 116055338, 116052579, 116055944, 116055394, 116055395, 116055423, 116055062, 116055150, 116055165, 116057709, 

Shuppin: 

20568, 20366, 20321, 20216, 20556, 58107, 20363, 1098, 11142, 8231, 1276, 6026, 17138, 6118, 20073, 6217, 6226, 20149, 50123, 6314, 50169, 20219, 50190, 50206, 20294, 20295, 20346, 20371, 20475, 20493, 3965, 
-------------------------------------------------------------
Unknown Chassis Prefix:
116056490, 116056486, 116056452, 116056455, 116056440, 116056414, 116056479, 116058342, 116058339, 116056456, 116056463, 116056514, 116056454, 116055003, 116058291, 116058305, 116055827, 116052425, 116055337, 116055338, 116055346, 116055353, 116055358, 116055363, 116055368, 116055373, 116054302, 116055391, 116055395, 116053043, 116055409, 116055424, 116055423, 116055427, 116059553, 116054988, 116055058, 116055060, 116055059, 116055061, 116055062, 116055066, 116055081, 116055082, 116055086, 116055087, 116055088, 116055118, 116055145, 116055147, 116055149, 116055146, 116055150, 116055151, 116055159, 116055165, 116053212, 116055201, 116055202, 116055207, 116055210, 

Shuppin: 

20568, 20564, 20351, 20366, 20321, 20216, 20556, 58107, 58104, 20369, 20405, 20594, 20363, 25023, 58003, 58019, 20048, 20214, 20217, 20219, 20227, 20236, 20241, 20247, 20252, 20259, 40100, 20289, 20295, 20320, 20322, 20348, 20346, 20352, 43004, 20364, 20365, 20368, 20367, 20370, 20371, 20377, 20398, 20400, 20406, 20407, 20408, 20440, 20469, 20471, 20473, 20470, 20475, 20476, 20485, 20493, 20511, 20539, 20541, 20548, 20553, 
-------------------------------------------------------------
No Transmission/Color/Fuel Type:
116056578, 116056490, 116056486, 116056452, 116056455, 116056440, 116056414, 116056479, 116058342, 116058339, 116056456, 116056463, 116056514, 116056454, 116055003, 116058291, 116058305, 116055827, 116052425, 116055337, 116055338, 116055346, 116055353, 116055358, 116055363, 116055368, 116055373, 116054302, 116055391, 116055395, 116053043, 116055409, 116055424, 116055423, 116055427, 116059553, 116054988, 116055058, 116055060, 116055059, 116055061, 116055062, 116055066, 116055081, 116055082, 116055086, 116055087, 116055088, 116055118, 116055145, 116055147, 116055149, 116055146, 116055150, 116055151, 116055159, 116055165, 116053212, 116055201, 116055202, 116055207, 116055210, 116053496, 116057977, 

Shuppin: 

25052, 20568, 20564, 20351, 20366, 20321, 20216, 20556, 58107, 58104, 20369, 20405, 20594, 20363, 25023, 58003, 58019, 20048, 20214, 20217, 20219, 20227, 20236, 20241, 20247, 20252, 20259, 40100, 20289, 20295, 20320, 20322, 20348, 20346, 20352, 43004, 20364, 20365, 20368, 20367, 20370, 20371, 20377, 20398, 20400, 20406, 20407, 20408, 20440, 20469, 20471, 20473, 20470, 20475, 20476, 20485, 20493, 20511, 20539, 20541, 20548, 20553, 40710, 40870, 
-------------------------------------------------------------
No Equipment:
No issues
-------------------------------------------------------------
Additional Photos Show 'No Foto':
No issues
-------------------------------------------------------------
No Auction Sheet:
No issues
-------------------------------------------------------------
