#############################################################
USS Tokyo Errors: 

Data Collection lasted for 55 minutes and 9.8 seconds.
Error checking completed within 1.2 seconds.
Finished checking on Thursday, 06. June 2019 09:29AM 
#############################################################

No Main Image:
No issues
-------------------------------------------------------------
Japanese Characters:
No issues
-------------------------------------------------------------
Unknown Year/Make/Model:
112173728, 112173637, 112173463, 112191345, 112173434, 112173739, 112173454, 112173455, 112188539, 112173657, 112173187, 112173409, 112173642, 112173465, 112191282, 112166364, 112191371, 112172973, 112173608, 112173436, 112173173, 112190812, 112172933, 112173755, 112180699, 112180568, 112171347, 112190827, 112190829, 112173229, 112180517, 112165470, 112165490, 112171066, 112171385, 112171202, 112180358, 112173731, 112180400, 112173654, 112187639, 112190656, 112180407, 112173542, 112166196, 112188917, 112173174, 112173735, 112165229, 112165896, 112164862, 112170898, 112171000, 112176906, 112166970, 112165944, 112171245, 112181155, 112170854, 112177412, 112165410, 112172950, 112188828, 112173778, 112180339, 112171653, 112172084, 112172269, 112172800, 112172718, 112172813, 112172912, 112170798, 112178379, 112170844, 112171577, 112164992, 

Shuppin: 

75207, 75110, 73572, 73928, 73540, 75219, 73562, 73563, 75646, 75133, 73266, 73512, 75115, 73574, 73857, 80107, 73956, 73022, 75078, 73543, 73250, 75704, 70296, 75236, 75535, 73815, 23135, 75719, 75721, 73313, 73646, 23199, 23222, 20314, 23321, 20476, 70235, 75210, 70285, 75129, 70200, 70328, 70297, 75001, 40167, 80233, 73251, 75214, 25670, 12069, 25161, 20126, 20248, 12159, 12050, 12153, 20523, 87311, 20078, 80050, 23128, 70320, 3187, 75265, 70215, 25834, 30280, 355, 70036, 65033, 70049, 70155, 20019, 20626, 20066, 25370, 25318, 
-------------------------------------------------------------
Unknown Chassis Prefix:
No issues
-------------------------------------------------------------
No Transmission/Color/Fuel Type:
112173728, 112173463, 112191345, 112173455, 112188539, 112190645, 112191282, 112191371, 112191320, 112173173, 112190812, 112173755, 112180699, 112180568, 112171347, 112190827, 112190829, 112180517, 112180400, 112187639, 112174513, 112190656, 112178655, 112180407, 112166196, 112177261, 112188917, 112181155, 112192199, 112188919, 112180339, 112166112, 112172084, 112172269, 112180346, 112190788, 112173886, 112189101, 112172718, 112165598, 112180325, 112172813, 112189236, 112187524, 112172756, 112164992, 112174459, 

Shuppin: 

75207, 73572, 73928, 73563, 75646, 65102, 73857, 73956, 73898, 73250, 75704, 75236, 75535, 73815, 23135, 75719, 75721, 73646, 70285, 70200, 86378, 70328, 65099, 70297, 40167, 40488, 80233, 87311, 12250, 80236, 70215, 40071, 30280, 355, 70223, 75679, 75472, 40559, 65033, 23373, 70199, 70049, 80366, 10178, 65076, 25318, 86314, 
-------------------------------------------------------------
No Equipment:
No issues
-------------------------------------------------------------
Additional Photos Show 'No Foto':
No issues
-------------------------------------------------------------
No Auction Sheet:
No issues
-------------------------------------------------------------
