#############################################################
USS Tokyo Errors: 

Data Collection lasted for 43 minutes and 31.8 seconds.
Error checking completed within 0.1 seconds.
Finished checking on Thursday, 21. November 2019 07:47AM 
#############################################################

No Main Image:
No issues
-------------------------------------------------------------
Japanese Characters:
115405043, 115405122, 115405116, 115404938, 115404915, 115404977, 115388130, 115397328, 115387212, 115393097, 115397296, 115397557, 115405466, 115404583, 115404589, 115405128, 115404801, 115404615, 115404535, 115405198, 115385877, 115397314, 115392975, 115387178, 115405188, 115404605, 115404594, 115404875, 115404749, 

Shuppin: 

75881, 75969, 75958, 74172, 74146, 75807, 75058, 73722, 73504, 75747, 73664, 75722, 84476, 35479, 35485, 77231, 70358, 35512, 3238, 80308, 73318, 73702, 75590, 73320, 80247, 35501, 35490, 74102, 50319, 
-------------------------------------------------------------
Unknown Year/Make/Model:
115387019, 115392642, 115391314, 115392628, 115397229, 115387058, 115392885, 115386987, 115388242, 115387034, 115405415, 115405164, 115405029, 115387059, 115386931, 115386893, 115386896, 115404790, 115387030, 115387032, 115393132, 115404819, 115392668, 115388040, 115392670, 115404816, 115386889, 115393050, 115386870, 115396704, 115402983, 115390921, 115402965, 115395307, 115398428, 115396648, 115390956, 115395290, 115403928, 115390561, 115396754, 115396804, 115404400, 115403921, 115402956, 115391679, 115404345, 115400318, 115396818, 115390714, 115390500, 115390890, 115395266, 115391348, 115390588, 115390750, 

Shuppin: 

70162, 70308, 25732, 70295, 65117, 70229, 75490, 70127, 75171, 70179, 82330, 77270, 75865, 70230, 70069, 70028, 70031, 65131, 70175, 70177, 77111, 70376, 70334, 65082, 70336, 70373, 70024, 75688, 70002, 20410, 23705, 23464, 23679, 25305, 25941, 20307, 25371, 25287, 23795, 23100, 23002, 23581, 26272, 23766, 23669, 35146, 26214, 25868, 23609, 23253, 23038, 23433, 25263, 25767, 23127, 23290, 
-------------------------------------------------------------
Unknown Chassis Prefix:
115388066, 115404800, 115386914, 115392487, 115387034, 115397253, 115404817, 115404844, 115405149, 115405415, 115395833, 115386902, 115387291, 115388134, 115388042, 115386878, 115386890, 115404831, 115405164, 115386932, 115405014, 115386883, 115386924, 115405029, 115403235, 115388093, 115387059, 115405316, 115401791, 115397230, 115388024, 115388029, 115386931, 115386893, 115387310, 115386896, 115393264, 115404835, 115404840, 115400392, 115387084, 115386934, 115387026, 115386898, 115395873, 115400385, 115387963, 115385941, 115386897, 115397516, 115397231, 115385921, 115387997, 115388064, 115405106, 115404790, 115387030, 115405197, 115385711, 115392672, 115405123, 115392651, 115392616, 115387033, 115404818, 115392671, 115387102, 115387032, 115393132, 115404819, 115392668, 115386891, 115392669, 115404830, 115393044, 115393108, 115387061, 115392887, 115404804, 115404771, 115393019, 115388040, 115388176, 115392670, 115387978, 115393133, 115387031, 115395860, 115386895, 115387035, 115387028, 115386894, 115386874, 115404822, 115388001, 115387985, 115387981, 115404816, 115386889, 115392609, 115393016, 115388235, 115400398, 115388003, 115387009, 115397567, 115405132, 115388137, 115393050, 115404783, 115392488, 115392681, 115397257, 115392659, 115403240, 115386973, 115404976, 115387027, 115403291, 115387029, 115392926, 115386892, 115392631, 115404820, 115404706, 115393047, 

Shuppin: 

70081, 70357, 70051, 65019, 70179, 70207, 70374, 70403, 77253, 82330, 75374, 70037, 77055, 75062, 65084, 70013, 70025, 70389, 77270, 70070, 75850, 70018, 70062, 75865, 65135, 75020, 70230, 80437, 75817, 65118, 65066, 65071, 70069, 70028, 77074, 70031, 80002, 70393, 70399, 70223, 70256, 70072, 70171, 70033, 75421, 70204, 65004, 73395, 70032, 74035, 65119, 73371, 65039, 70049, 75947, 65131, 70175, 80307, 73109, 70338, 77226, 70317, 70283, 70178, 70375, 70337, 70275, 70177, 77111, 70376, 70334, 70026, 70335, 70388, 75679, 75759, 70232, 75492, 70361, 50343, 75646, 65082, 75105, 70336, 65020, 77112, 70176, 75406, 70030, 70180, 70173, 70029, 70008, 70379, 65043, 65027, 65023, 70373, 70024, 70276, 75642, 75164, 75768, 65045, 70151, 75777, 77235, 75065, 75688, 65102, 65094, 70348, 70216, 70325, 70411, 70112, 75806, 70172, 75967, 70174, 75538, 70027, 70298, 70377, 40737, 75684, 
-------------------------------------------------------------
No Transmission/Color/Fuel Type:
115387966, 115387983, 115398811, 115404789, 115392660, 115388011, 115385639, 115404786, 115395813, 115405052, 115390184, 115391314, 115388163, 115405005, 115404996, 115395552, 115392160, 115398765, 115392142, 115395467, 115392885, 115388059, 115395468, 115391921, 115388066, 115404800, 115386914, 115392487, 115387034, 115397253, 115404817, 115404844, 115405149, 115405415, 115395833, 115386902, 115387291, 115388134, 115388042, 115386878, 115386890, 115404831, 115405164, 115386932, 115405014, 115386883, 115386924, 115405029, 115403235, 115388093, 115387059, 115405316, 115401791, 115397230, 115388024, 115388029, 115386931, 115386893, 115387310, 115386896, 115393264, 115404835, 115404840, 115400392, 115387084, 115386934, 115387026, 115386898, 115395873, 115400385, 115387963, 115385941, 115386897, 115397516, 115397231, 115385921, 115387997, 115388064, 115405106, 115404790, 115387030, 115405197, 115385711, 115392672, 115405123, 115392651, 115392616, 115387033, 115404818, 115392671, 115387102, 115387032, 115393132, 115404819, 115392668, 115386891, 115392669, 115404830, 115393044, 115393108, 115387061, 115392887, 115404804, 115404771, 115393019, 115388040, 115388176, 115392670, 115387978, 115393133, 115387031, 115395860, 115386895, 115387035, 115387028, 115386894, 115386874, 115404822, 115388001, 115387985, 115387981, 115404816, 115386889, 115392609, 115393016, 115388235, 115400398, 115388003, 115387009, 115397567, 115405132, 115388137, 115393050, 115404783, 115392488, 115392681, 115397257, 115392659, 115403240, 115386973, 115404976, 115387027, 115403291, 115387029, 115392926, 115386892, 115392631, 115404820, 115404706, 115393047, 115389010, 115392900, 115386928, 

Shuppin: 

65007, 65025, 73698, 65130, 70326, 65053, 73006, 65126, 75347, 75891, 10229, 25732, 75091, 75840, 75831, 50080, 40283, 40638, 40265, 40596, 75490, 65103, 40600, 40040, 70081, 70357, 70051, 65019, 70179, 70207, 70374, 70403, 77253, 82330, 75374, 70037, 77055, 75062, 65084, 70013, 70025, 70389, 77270, 70070, 75850, 70018, 70062, 75865, 65135, 75020, 70230, 80437, 75817, 65118, 65066, 65071, 70069, 70028, 77074, 70031, 80002, 70393, 70399, 70223, 70256, 70072, 70171, 70033, 75421, 70204, 65004, 73395, 70032, 74035, 65119, 73371, 65039, 70049, 75947, 65131, 70175, 80307, 73109, 70338, 77226, 70317, 70283, 70178, 70375, 70337, 70275, 70177, 77111, 70376, 70334, 70026, 70335, 70388, 75679, 75759, 70232, 75492, 70361, 50343, 75646, 65082, 75105, 70336, 65020, 77112, 70176, 75406, 70030, 70180, 70173, 70029, 70008, 70379, 65043, 65027, 65023, 70373, 70024, 70276, 75642, 75164, 75768, 65045, 70151, 75777, 77235, 75065, 75688, 65102, 65094, 70348, 70216, 70325, 70411, 70112, 75806, 70172, 75967, 70174, 75538, 70027, 70298, 70377, 40737, 75684, 84094, 75506, 70066, 
-------------------------------------------------------------
No Equipment:
No issues
-------------------------------------------------------------
Additional Photos Show 'No Foto':
No issues
-------------------------------------------------------------
No Auction Sheet:
No issues
-------------------------------------------------------------
