#############################################################
USS Nagoya Errors: 

Data Collection lasted for 26 minutes and 33.8 seconds.
Error checking completed within 0.2 seconds.
Finished checking on Friday, 14. February 2020 07:07AM 
#############################################################

No Main Image:
No issues
-------------------------------------------------------------
Japanese Characters:
No issues
-------------------------------------------------------------
Unknown Year/Make/Model:
116836313, 116835760, 116816007, 116835772, 116822088, 116816024, 116816095, 116816103, 116816108, 116822147, 116816280, 116822187, 116816335, 116816368, 116822200, 116816420, 116822221, 116816451, 116816468, 116816499, 116822251, 116822300, 116822313, 116836359, 

Shuppin: 

20020, 11486, 20019, 11499, 20031, 20044, 20142, 20154, 20161, 20291, 20385, 20445, 20466, 20508, 20509, 20589, 20586, 20631, 20656, 20697, 20706, 20761, 20777, 20877, 
-------------------------------------------------------------
Unknown Chassis Prefix:
116836313, 116828063, 116834130, 116834142, 116817811, 116817833, 116817831, 116817852, 116817889, 116824757, 116817921, 116822408, 116817946, 116833720, 116818017, 116824792, 116818028, 116818032, 116818037, 116818038, 116818059, 116818074, 116818077, 116818083, 116822894, 116818119, 116818123, 116822908, 116818135, 116822934, 116833732, 116815339, 116837111, 116837118, 116837126, 116815999, 116816007, 116816008, 116835772, 116816024, 116816036, 116816046, 116816049, 116816084, 116816095, 116816103, 116816108, 116816209, 116822146, 116816207, 116816210, 116822147, 116822148, 116833237, 116816211, 116816212, 116816218, 116816222, 116816229, 116816257, 116816266, 116816273, 116822187, 116816323, 116816336, 116816347, 116822196, 116816364, 116816368, 116816367, 116822200, 116822204, 116816394, 116822210, 116816409, 116816407, 116816420, 116822222, 116822221, 116816424, 116816440, 116813656, 116816443, 116816446, 116816444, 116816448, 116816451, 116822234, 116816459, 116816468, 116822241, 116816474, 116822243, 116816487, 116816499, 116822250, 116834919, 116822251, 116822266, 116822267, 116822269, 116822290, 116822300, 116833255, 116822313, 116822316, 116834922, 116822324, 116822321, 116836318, 116833279, 116836326, 116836338, 116836339, 116813732, 116836351, 116836353, 116836359, 116829233, 

Shuppin: 

20020, 25060, 25092, 25131, 58018, 58050, 58047, 58077, 58128, 58151, 58172, 35096, 58207, 58244, 58303, 58304, 58320, 58326, 58333, 58337, 58369, 58388, 58391, 58399, 58415, 58454, 58460, 58467, 58479, 58552, 58574, 11327, 58608, 58625, 58643, 20005, 20019, 20021, 11499, 20044, 20063, 20077, 20081, 20128, 20142, 20154, 20161, 20288, 20289, 20286, 20293, 20291, 20292, 20290, 20294, 20295, 20301, 20306, 20316, 20352, 20364, 20375, 20445, 20450, 20468, 20480, 20489, 20503, 20508, 20507, 20509, 20532, 20546, 20553, 20568, 20566, 20589, 20587, 20586, 20594, 20616, 40720, 20620, 20624, 20621, 20627, 20631, 20632, 20642, 20656, 20663, 20662, 20669, 20682, 20697, 20704, 20705, 20706, 20723, 20724, 20727, 20749, 20761, 20770, 20777, 20781, 20780, 20790, 20787, 20816, 20832, 20839, 20856, 20857, 43002, 20869, 20871, 20877, 43008, 
-------------------------------------------------------------
No Transmission/Color/Fuel Type:
116836313, 116834109, 116828063, 116834130, 116834142, 116819524, 116817811, 116817833, 116817831, 116824738, 116817852, 116817889, 116824757, 116817921, 116822408, 116822431, 116817946, 116833720, 116817996, 116818017, 116824792, 116818028, 116818032, 116818037, 116818038, 116824812, 116818059, 116833376, 116818074, 116818077, 116818083, 116822894, 116818119, 116818123, 116833728, 116822908, 116818135, 116822923, 116818179, 116822934, 116833732, 116815339, 116837111, 116837118, 116824072, 116833750, 116833754, 116837126, 116815999, 116835760, 116816007, 116816008, 116835772, 116816024, 116816036, 116816046, 116816049, 116834316, 116816084, 116816095, 116816103, 116816108, 116816209, 116822146, 116816207, 116816210, 116822147, 116822148, 116833237, 116816211, 116816212, 116816218, 116816222, 116816229, 116816257, 116816266, 116816273, 116822187, 116816323, 116816336, 116816347, 116822196, 116816364, 116816368, 116816367, 116822200, 116822204, 116816394, 116822210, 116816409, 116816407, 116816420, 116822222, 116822221, 116816424, 116816440, 116813656, 116816443, 116816446, 116816444, 116816448, 116816451, 116822234, 116816459, 116816468, 116822241, 116816474, 116822243, 116816487, 116834153, 116816499, 116822250, 116834919, 116817620, 116822251, 116822266, 116822267, 116822269, 116829203, 116822290, 116822300, 116833255, 116822313, 116835637, 116822316, 116834922, 116822324, 116822321, 116836318, 116836319, 116833279, 116836326, 116836338, 116836339, 116813732, 116836351, 116836353, 116829232, 116836359, 116829233, 116837196, 

Shuppin: 

20020, 25015, 25060, 25092, 25131, 85196, 58018, 58050, 58047, 58063, 58077, 58128, 58151, 58172, 35096, 35123, 58207, 58244, 58273, 58303, 58304, 58320, 58326, 58333, 58337, 58365, 58369, 35284, 58388, 58391, 58399, 58415, 58454, 58460, 58464, 58467, 58479, 58511, 58545, 58552, 58574, 11327, 58608, 58625, 50676, 58628, 58634, 58643, 20005, 11486, 20019, 20021, 11499, 20044, 20063, 20077, 20081, 50850, 20128, 20142, 20154, 20161, 20288, 20289, 20286, 20293, 20291, 20292, 20290, 20294, 20295, 20301, 20306, 20316, 20352, 20364, 20375, 20445, 20450, 20468, 20480, 20489, 20503, 20508, 20507, 20509, 20532, 20546, 20553, 20568, 20566, 20589, 20587, 20586, 20594, 20616, 40720, 20620, 20624, 20621, 20627, 20631, 20632, 20642, 20656, 20663, 20662, 20669, 20682, 40818, 20697, 20704, 20705, 40841, 20706, 20723, 20724, 20727, 40883, 20749, 20761, 20770, 20777, 40950, 20781, 20780, 20790, 20787, 20816, 20819, 20832, 20839, 20856, 20857, 43002, 20869, 20871, 43006, 20877, 43008, 80821, 
-------------------------------------------------------------
No Equipment:
No issues
-------------------------------------------------------------
Additional Photos Show 'No Foto':
No issues
-------------------------------------------------------------
No Auction Sheet:
No issues
-------------------------------------------------------------
