#############################################################
Arai Van Truck Errors: 

Data Collection lasted for 18 minutes and 34.5 seconds.
Error checking completed within 0.0 seconds.
Finished checking on Friday, 07. June 2019 11:49PM 
#############################################################

No Main Image:
No issues
-------------------------------------------------------------
Japanese Characters:
112212600, 112193400, 112194016, 

Shuppin: 

5606, 4642, 4717, 
-------------------------------------------------------------
Unknown Year/Make/Model:
112192891, 112204431, 112235752, 112193428, 112207910, 112193382, 112211126, 112232106, 112204439, 112211100, 112193271, 112232839, 112232135, 112193946, 112236529, 112236501, 112232704, 112212646, 112233093, 112233195, 112214191, 112212460, 112233073, 112232177, 112232998, 112212520, 112232702, 112232965, 112233655, 112232694, 112232851, 112227780, 112212532, 112233222, 112207909, 112193433, 112235758, 112210986, 112212664, 112208129, 112212592, 112212472, 112232853, 112192930, 112204399, 112193983, 112233343, 112227696, 112233058, 112227697, 112229187, 112207920, 112229198, 112194049, 112207991, 112212612, 112232946, 112207957, 112236514, 112208120, 

Shuppin: 

2802, 4547, 8606, 4724, 4552, 4522, 5757, 2542, 5153, 5651, 2804, 5551, 2571, 4534, 8766, 4566, 4574, 5741, 5995, 6109, 7169, 5092, 5974, 3261, 5888, 5247, 4571, 5854, 952, 4478, 5563, 5640, 5303, 6136, 4549, 4748, 8760, 4557, 5773, 8727, 5574, 5115, 5565, 4685, 1326, 4653, 7158, 1302, 5959, 1307, 3578, 5011, 3650, 4785, 5347, 5649, 5835, 5216, 7159, 8711, 
-------------------------------------------------------------
Unknown Chassis Prefix:
112207957, 112236514, 

Shuppin: 

5216, 7159, 
-------------------------------------------------------------
No Transmission/Color/Fuel Type:
112232598, 112232208, 112229199, 112207856, 112229192, 112207900, 112212421, 112192891, 112192936, 112204431, 112233057, 112235752, 112193428, 112207910, 112193382, 112232966, 112207953, 112232106, 112194180, 112204439, 112193271, 112232800, 112194182, 112232839, 112232135, 112193946, 112236529, 112232704, 112212646, 112233093, 112233280, 112194020, 112214191, 112232736, 112194047, 112212460, 112233073, 112233137, 112232177, 112232998, 112232122, 112212636, 112227834, 112193430, 112212520, 112211102, 112233591, 112233084, 112232702, 112211036, 112233185, 112232986, 112232965, 112232885, 112233063, 112233655, 112232694, 112212481, 112232807, 112212676, 112236538, 112233282, 112232851, 112227780, 112232977, 112233222, 112212603, 112212537, 112232907, 112207909, 112193433, 112235758, 112210986, 112212664, 112208129, 112212592, 112232877, 112212437, 112232930, 112193452, 112233042, 112212472, 112232949, 112232853, 112192930, 112232744, 112204399, 112193983, 112204441, 112227800, 112233343, 112211022, 112227697, 112232097, 112232945, 112229187, 112232768, 112233106, 112232940, 112233152, 112232850, 112233221, 112232970, 112204445, 112207920, 112232196, 112207960, 112229198, 112232869, 112233306, 112233082, 112232976, 112194051, 112207995, 112194061, 112212459, 112233117, 112194049, 112208102, 112208101, 112212612, 112227753, 112232946, 112207957, 112236514, 112207862, 112229194, 112208043, 112233484, 112212713, 112208047, 112233477, 

Shuppin: 

3900, 3396, 3658, 3282, 3611, 3457, 3446, 2802, 4720, 4547, 5958, 8606, 4724, 4552, 4522, 5855, 5165, 2542, 8318, 5153, 2804, 5448, 8320, 5551, 2571, 4534, 8766, 4574, 5741, 5995, 6197, 4726, 7169, 5325, 4782, 5092, 5974, 6041, 3261, 5888, 2558, 5705, 8336, 4728, 5247, 5654, 8364, 5985, 4571, 5271, 6094, 5875, 5854, 5673, 5964, 952, 4478, 5133, 5506, 5810, 8777, 6202, 5563, 5640, 5866, 6136, 5621, 5319, 5725, 4549, 4748, 8760, 4557, 5773, 8727, 5574, 5642, 5035, 5819, 4798, 5943, 5115, 5838, 5565, 4685, 5335, 1326, 4653, 5156, 6813, 7158, 5193, 1307, 1355, 5834, 3578, 5412, 6010, 5829, 6057, 5562, 6135, 5859, 5251, 5011, 3342, 5222, 3650, 5612, 6228, 5983, 5865, 4791, 5363, 5028, 5091, 6021, 4785, 8113, 8112, 5649, 3504, 5835, 5216, 7159, 3289, 3617, 7565, 7630, 7556, 7569, 7623, 
-------------------------------------------------------------
No Equipment:
No issues
-------------------------------------------------------------
Additional Photos Show 'No Foto':
No issues
-------------------------------------------------------------
No Auction Sheet:
No issues
-------------------------------------------------------------
