#############################################################
JAA Errors: 

Data Collection lasted for 10 minutes and 18.1 seconds.
Error checking completed within 0.0 seconds.
Finished checking on Wednesday, 26. June 2019 09:17AM 
#############################################################

No Main Image:
No issues
-------------------------------------------------------------
Japanese Characters:
No issues
-------------------------------------------------------------
Unknown Year/Make/Model:
112592181, 112592246, 112592237, 112592242, 112607919, 112592132, 112592310, 112607920, 112591729, 112598018, 112592245, 112601513, 112592204, 112592321, 112592361, 112598021, 112592252, 112592288, 112592350, 112592353, 112592240, 

Shuppin: 

27024, 27104, 27092, 27099, 27305, 24007, 27182, 27306, 18154, 27094, 27103, 27107, 27053, 27198, 27251, 27114, 27111, 27156, 27237, 27241, 27097, 
-------------------------------------------------------------
Unknown Chassis Prefix:
112592246, 112592142, 112592237, 112592365, 112592242, 112607919, 112592132, 112592310, 112607920, 112592176, 112592250, 112592249, 112591729, 112592189, 112592254, 112601528, 112598018, 112592245, 112601513, 112592204, 112592321, 112592328, 112598025, 112592361, 112598021, 112592343, 112592244, 112592252, 112592288, 112592350, 112592190, 112592358, 112592239, 112592230, 112592353, 112592240, 

Shuppin: 

27104, 25009, 27092, 27257, 27099, 27305, 24007, 27182, 27306, 27018, 27109, 27108, 18154, 27034, 27113, 27281, 27094, 27103, 27107, 27053, 27198, 27207, 27140, 27251, 27114, 27229, 27102, 27111, 27156, 27237, 27035, 27247, 27095, 27083, 27241, 27097, 
-------------------------------------------------------------
No Transmission/Color/Fuel Type:
112592246, 112592142, 112592237, 112592365, 112592242, 112607919, 112592132, 112592310, 112607920, 112592176, 112592250, 112592249, 112591729, 112592189, 112592254, 112601528, 112598018, 112592245, 112601513, 112592204, 112592321, 112592328, 112598025, 112592361, 112598021, 112592343, 112592244, 112592252, 112592288, 112592350, 112592190, 112592358, 112592239, 112592230, 112592353, 112592240, 

Shuppin: 

27104, 25009, 27092, 27257, 27099, 27305, 24007, 27182, 27306, 27018, 27109, 27108, 18154, 27034, 27113, 27281, 27094, 27103, 27107, 27053, 27198, 27207, 27140, 27251, 27114, 27229, 27102, 27111, 27156, 27237, 27035, 27247, 27095, 27083, 27241, 27097, 
-------------------------------------------------------------
No Equipment:
No issues
-------------------------------------------------------------
Additional Photos Show 'No Foto':
No issues
-------------------------------------------------------------
No Auction Sheet:
No issues
-------------------------------------------------------------
