#############################################################
JAA Errors: 

Data Collection lasted for 4 minutes and 54.8 seconds.
Error checking completed within 0.1 seconds.
Finished checking on Wednesday, 09. October 2019 06:07AM 
#############################################################

No Main Image:
No issues
-------------------------------------------------------------
Japanese Characters:
114551300, 114551288, 114551294, 

Shuppin: 

16131, 16119, 16125, 
-------------------------------------------------------------
Unknown Year/Make/Model:
114531338, 114536485, 114531790, 114536461, 114531333, 

Shuppin: 

27072, 27224, 27085, 27051, 27067, 
-------------------------------------------------------------
Unknown Chassis Prefix:
114531338, 114536485, 114531348, 114531329, 114531435, 114531370, 114531390, 114531371, 114531286, 114531432, 114531790, 114531388, 114531350, 114531389, 114531325, 114536461, 114531352, 114531328, 114535046, 114536492, 114531333, 114531349, 114531331, 114535043, 114531332, 114531303, 114536456, 114531429, 114551452, 114536481, 114531433, 114531326, 114536475, 114531317, 114536483, 114531392, 114531305, 114536054, 114531327, 

Shuppin: 

27072, 27224, 27083, 27048, 27187, 27108, 27138, 27109, 24010, 27184, 27085, 27133, 27086, 27137, 27038, 27051, 27089, 27043, 27195, 27232, 27067, 27084, 27057, 27129, 27062, 27009, 27041, 27181, 27248, 27220, 27185, 27039, 27141, 27029, 27222, 27142, 27012, 27214, 27040, 
-------------------------------------------------------------
No Transmission/Color/Fuel Type:
114531338, 114536485, 114531348, 114531329, 114531435, 114531370, 114531390, 114531371, 114531286, 114531432, 114531790, 114531388, 114531350, 114531389, 114531325, 114536461, 114531352, 114531328, 114535046, 114536492, 114531333, 114531349, 114531331, 114535043, 114531332, 114531303, 114536456, 114531429, 114551452, 114536481, 114531433, 114531326, 114536475, 114531317, 114536483, 114531392, 114531305, 114536054, 114531327, 

Shuppin: 

27072, 27224, 27083, 27048, 27187, 27108, 27138, 27109, 24010, 27184, 27085, 27133, 27086, 27137, 27038, 27051, 27089, 27043, 27195, 27232, 27067, 27084, 27057, 27129, 27062, 27009, 27041, 27181, 27248, 27220, 27185, 27039, 27141, 27029, 27222, 27142, 27012, 27214, 27040, 
-------------------------------------------------------------
No Equipment:
No issues
-------------------------------------------------------------
Additional Photos Show 'No Foto':
No issues
-------------------------------------------------------------
No Auction Sheet:
No issues
-------------------------------------------------------------
