#############################################################
USS Tokyo Errors: 

Data Collection lasted for 44 minutes and 3.9 seconds.
Error checking completed within 0.1 seconds.
Finished checking on Thursday, 12. September 2019 07:10AM 
#############################################################

No Main Image:
No issues
-------------------------------------------------------------
Japanese Characters:
No issues
-------------------------------------------------------------
Unknown Year/Make/Model:
114007400, 114014753, 114014077, 114010263, 114004627, 114005804, 114014059, 114012436, 114015098, 114029618, 114005675, 114014115, 114014101, 114010571, 114009807, 114009799, 114009860, 114005677, 114003485, 114012598, 114014860, 114027134, 

Shuppin: 

70140, 75652, 70144, 80216, 70193, 77114, 70043, 70113, 82250, 75944, 70145, 70243, 70229, 84141, 65103, 65091, 70107, 70148, 80130, 75451, 75775, 75905, 
-------------------------------------------------------------
Unknown Chassis Prefix:
114003273, 114003246, 114012386, 114004541, 114005804, 114027153, 114010179, 114014059, 114014435, 114014992, 114007551, 114014140, 114012436, 114014772, 114015098, 114015192, 114014116, 114003425, 114004762, 114014082, 114014844, 114009797, 114014065, 114004626, 114002170, 114029614, 114010169, 114014053, 114010268, 114014045, 114029598, 114029597, 114010296, 114003269, 114029618, 114005796, 114004732, 114012595, 114009921, 114002513, 114012400, 114014139, 114005675, 114014035, 114014423, 114003307, 114014067, 114014912, 114005767, 114014806, 114014115, 114014101, 114004625, 114003271, 114014030, 114026053, 114029606, 114010571, 114009807, 114005672, 114014058, 114003270, 114010024, 114010082, 114007519, 114004618, 114002508, 114007410, 114003275, 114012484, 114009859, 114004800, 114009795, 114012563, 114014023, 114012444, 114026049, 114010085, 114026054, 114010294, 114014513, 114014962, 114014081, 114012446, 114010174, 114009799, 114009910, 114010288, 114003288, 114010144, 114014143, 114014056, 114007550, 114014020, 114010105, 114014715, 114014926, 114005694, 114014501, 114012443, 114014027, 114005681, 114014813, 114014363, 114009860, 114014072, 114005669, 114014117, 114014083, 114014114, 114003387, 114010077, 114004621, 114003044, 114013999, 114014894, 114014562, 114012445, 114027038, 114014055, 114012442, 114003282, 114014141, 114014057, 114014142, 114009883, 114005677, 114003485, 114014123, 114014063, 114014120, 

Shuppin: 

70049, 65099, 65066, 65009, 77114, 80355, 77190, 70043, 73670, 77170, 77051, 70272, 70113, 75688, 82250, 84226, 70246, 80026, 77122, 70157, 75759, 65088, 70051, 70136, 70033, 75940, 77180, 70034, 80227, 70025, 75922, 75921, 80270, 70035, 75944, 75552, 75493, 75445, 73285, 65098, 65134, 70271, 70145, 70015, 73657, 73239, 70055, 75829, 75301, 75721, 70243, 70229, 70132, 70041, 70009, 70280, 75931, 84141, 65103, 70135, 70042, 70036, 75157, 75428, 75421, 70096, 65079, 70249, 70054, 73101, 70094, 80300, 65083, 75116, 70002, 70131, 70276, 75431, 70281, 80266, 73753, 77031, 70156, 70134, 77185, 65091, 73066, 80250, 70118, 77061, 70275, 70039, 77050, 65144, 75588, 75563, 75843, 70244, 73741, 70130, 70006, 70212, 75728, 73511, 70107, 70062, 70109, 70247, 70158, 70242, 75532, 75408, 70120, 40036, 65026, 75811, 75074, 70133, 70304, 70038, 70129, 70089, 70273, 70040, 70274, 70191, 70148, 80130, 70255, 70048, 70252, 
-------------------------------------------------------------
No Transmission/Color/Fuel Type:
114029579, 114004700, 114004721, 114012554, 114014191, 114014655, 114005706, 114004728, 114010074, 114004472, 114012134, 114029501, 114014022, 114029495, 114010578, 114016842, 114026089, 114010263, 114004543, 114012385, 114005955, 114005660, 114004627, 114004082, 114015133, 114003101, 114004442, 114012383, 114029541, 114003273, 114003246, 114012386, 114004541, 114005804, 114027153, 114010179, 114014059, 114014435, 114014992, 114007551, 114014140, 114012436, 114014772, 114015098, 114015192, 114014116, 114003425, 114004762, 114014082, 114014844, 114009797, 114014065, 114004626, 114002170, 114029614, 114010169, 114014053, 114010268, 114014045, 114029598, 114029597, 114010296, 114003269, 114029618, 114005796, 114004732, 114012595, 114009921, 114002513, 114012400, 114014139, 114005675, 114014035, 114014423, 114003307, 114014067, 114014912, 114005767, 114014806, 114014115, 114014101, 114004625, 114003271, 114014030, 114026053, 114029606, 114010571, 114009807, 114005672, 114014058, 114003270, 114010024, 114010082, 114007519, 114004618, 114002508, 114007410, 114003275, 114012484, 114009859, 114004800, 114009795, 114012563, 114014023, 114012444, 114026049, 114010085, 114026054, 114010294, 114014513, 114014962, 114014081, 114012446, 114010174, 114009799, 114009910, 114010288, 114003288, 114010144, 114014143, 114014056, 114007550, 114014020, 114010105, 114014715, 114014926, 114005694, 114014501, 114012443, 114014027, 114005681, 114014813, 114014363, 114009860, 114014072, 114005669, 114014117, 114014083, 114014114, 114003387, 114010077, 114004621, 114003044, 114013999, 114014894, 114014562, 114012445, 114027038, 114014055, 114012442, 114003282, 114014141, 114014057, 114014142, 114009883, 114005677, 114003485, 114014123, 114014063, 114014120, 114003506, 114012740, 114027134, 114014560, 

Shuppin: 

73901, 75032, 75360, 75107, 73132, 75339, 73247, 75369, 75357, 40463, 30327, 40694, 70001, 40688, 84149, 10214, 75799, 80216, 65127, 65065, 86120, 65027, 70193, 23285, 82482, 40130, 40325, 65063, 65152, 70049, 65099, 65066, 65009, 77114, 80355, 77190, 70043, 73670, 77170, 77051, 70272, 70113, 75688, 82250, 84226, 70246, 80026, 77122, 70157, 75759, 65088, 70051, 70136, 70033, 75940, 77180, 70034, 80227, 70025, 75922, 75921, 80270, 70035, 75944, 75552, 75493, 75445, 73285, 65098, 65134, 70271, 70145, 70015, 73657, 73239, 70055, 75829, 75301, 75721, 70243, 70229, 70132, 70041, 70009, 70280, 75931, 84141, 65103, 70135, 70042, 70036, 75157, 75428, 75421, 70096, 65079, 70249, 70054, 73101, 70094, 80300, 65083, 75116, 70002, 70131, 70276, 75431, 70281, 80266, 73753, 77031, 70156, 70134, 77185, 65091, 73066, 80250, 70118, 77061, 70275, 70039, 77050, 65144, 75588, 75563, 75843, 70244, 73741, 70130, 70006, 70212, 75728, 73511, 70107, 70062, 70109, 70247, 70158, 70242, 75532, 75408, 70120, 40036, 65026, 75811, 75074, 70133, 70304, 70038, 70129, 70089, 70273, 70040, 70274, 70191, 70148, 80130, 70255, 70048, 70252, 80221, 86261, 75905, 75057, 
-------------------------------------------------------------
No Equipment:
No issues
-------------------------------------------------------------
Additional Photos Show 'No Foto':
No issues
-------------------------------------------------------------
No Auction Sheet:
No issues
-------------------------------------------------------------
