#############################################################
USS Nagoya Errors: 

Data Collection lasted for 30 minutes and 15.8 seconds.
Error checking completed within 0.1 seconds.
Finished checking on Friday, 15. November 2019 06:36AM 
#############################################################

No Main Image:
No issues
-------------------------------------------------------------
Japanese Characters:
No issues
-------------------------------------------------------------
Unknown Year/Make/Model:
115275035, 115279871, 115275073, 115267605, 115280957, 115267459, 115267713, 115274998, 115267608, 115266273, 

Shuppin: 

20628, 11337, 20666, 58065, 58269, 20367, 58202, 20565, 58069, 20570, 
-------------------------------------------------------------
Unknown Chassis Prefix:
115267352, 115266215, 115288559, 115274977, 115275128, 115275108, 115267673, 115275070, 115280048, 115288560, 115267179, 115266268, 115276457, 115267386, 115275085, 115267434, 115267519, 115279992, 115267350, 115267668, 115267322, 115267305, 115267707, 115267608, 115267748, 115274980, 115288686, 115267483, 115274991, 115266276, 115280043, 115266223, 115267517, 115267432, 115269013, 115275059, 115267768, 115279991, 115275039, 115275038, 115267488, 115267339, 115280050, 115274931, 115267657, 115267658, 115267178, 115275055, 115274873, 115275164, 115267187, 115288693, 115274918, 115275322, 115267737, 115274967, 115274892, 115266209, 115267335, 115280908, 115276496, 115267642, 115275024, 115276484, 115267702, 115280008, 115266979, 115282892, 115280052, 115280024, 115275107, 115288689, 115267798, 115274933, 115280044, 115267487, 115266232, 115275014, 115267486, 115267484, 115275041, 115274400, 115267611, 115275076, 115276412, 115266265, 115279998, 115276407, 115267500, 115266213, 115275040, 115267485, 115274956, 115267489, 115274957, 115274906, 115267430, 115267649, 115267431, 115274947, 

Shuppin: 

20223, 20468, 11392, 20502, 25037, 25012, 58153, 20663, 20748, 11393, 20002, 20544, 58367, 20270, 20679, 20333, 20540, 20692, 20220, 58146, 20185, 20160, 58195, 58069, 58250, 20513, 20777, 20416, 20557, 20574, 20743, 20479, 20497, 20330, 35098, 20652, 58277, 20670, 20632, 20631, 20421, 20204, 20750, 20316, 58131, 58132, 20001, 20648, 20084, 25100, 20012, 20784, 20265, 40100, 58234, 20458, 20162, 20460, 20200, 58055, 58406, 58112, 20617, 58394, 58188, 20707, 43002, 30184, 20752, 20723, 25011, 20780, 58311, 20327, 20744, 20420, 20493, 20607, 20419, 20417, 20634, 11260, 58074, 20669, 58302, 20539, 20698, 58270, 20440, 20466, 20633, 20418, 20414, 20422, 20415, 20222, 20328, 58121, 20329, 20381, 
-------------------------------------------------------------
No Transmission/Color/Fuel Type:
115267230, 115266274, 115267801, 115280902, 115279871, 115267664, 115276523, 115275073, 115275518, 115267713, 115267319, 115269138, 115267352, 115266215, 115288559, 115274977, 115275128, 115275108, 115267673, 115275070, 115280048, 115288560, 115267179, 115266268, 115276457, 115267386, 115275085, 115267434, 115267519, 115279992, 115267350, 115267668, 115267322, 115267305, 115267707, 115267608, 115267748, 115274980, 115288686, 115267483, 115274991, 115266276, 115280043, 115266223, 115267517, 115267432, 115269013, 115275059, 115267768, 115279991, 115275039, 115275038, 115267488, 115267339, 115280050, 115274931, 115267657, 115267658, 115267178, 115275055, 115274873, 115275164, 115267187, 115288693, 115274918, 115275322, 115267737, 115274967, 115274892, 115266209, 115267335, 115280908, 115276496, 115267642, 115275024, 115276484, 115267702, 115280008, 115266979, 115282892, 115280052, 115280024, 115275107, 115288689, 115267798, 115274933, 115280044, 115267487, 115266232, 115275014, 115267486, 115267484, 115275041, 115274400, 115267611, 115275076, 115276412, 115266265, 115279998, 115276407, 115267500, 115266213, 115275040, 115267485, 115274956, 115267489, 115274957, 115274906, 115267430, 115267649, 115267431, 115274947, 115275508, 

Shuppin: 

20065, 20571, 58315, 58027, 11337, 58140, 58433, 20666, 40915, 58202, 20180, 3563, 20223, 20468, 11392, 20502, 25037, 25012, 58153, 20663, 20748, 11393, 20002, 20544, 58367, 20270, 20679, 20333, 20540, 20692, 20220, 58146, 20185, 20160, 58195, 58069, 58250, 20513, 20777, 20416, 20557, 20574, 20743, 20479, 20497, 20330, 35098, 20652, 58277, 20670, 20632, 20631, 20421, 20204, 20750, 20316, 58131, 58132, 20001, 20648, 20084, 25100, 20012, 20784, 20265, 40100, 58234, 20458, 20162, 20460, 20200, 58055, 58406, 58112, 20617, 58394, 58188, 20707, 43002, 30184, 20752, 20723, 25011, 20780, 58311, 20327, 20744, 20420, 20493, 20607, 20419, 20417, 20634, 11260, 58074, 20669, 58302, 20539, 20698, 58270, 20440, 20466, 20633, 20418, 20414, 20422, 20415, 20222, 20328, 58121, 20329, 20381, 40904, 
-------------------------------------------------------------
No Equipment:
No issues
-------------------------------------------------------------
Additional Photos Show 'No Foto':
No issues
-------------------------------------------------------------
No Auction Sheet:
No issues
-------------------------------------------------------------
