#############################################################
CAA NPS Tokyo (Tender) Errors: 

Data Collection lasted for 3 minutes and 50.1 seconds.
Error checking completed within 35 minutes and 14.9 seconds.
Finished checking on Monday, 22. April 2019 09:08PM 
#############################################################

No Main Image:
No issues
-------------------------------------------------------------
Japanese Characters:
111381605, 111381839, 111381831, 111381834, 111381836, 111381840, 111381694, 111381819, 111381681, 111381675, 111381673, 111381692, 111381951, 111381953, 111381945, 111381956, 111381749, 111381758, 111381753, 111381756, 111381958, 111381754, 111381905, 

Shuppin: 

105, 6045, 6038, 6040, 6042, 6046, 231, 6027, 218, 212, 210, 229, 716, 718, 710, 721, 286, 295, 290, 293, 723, 291, 657, 
-------------------------------------------------------------
Unknown Year/Make/Model:
111381911, 111381903, 111381926, 111381895, 111381927, 111381778, 111381779, 111381780, 

Shuppin: 

663, 655, 678, 647, 679, 315, 316, 317, 
-------------------------------------------------------------
Unknown Chassis Prefix:
No issues
-------------------------------------------------------------
No Transmission/Color/Fuel Type:
No issues
-------------------------------------------------------------
No Equipment:
No issues
-------------------------------------------------------------
Additional Photos Show 'No Foto':
No issues
-------------------------------------------------------------
No Auction Sheet:
111381934, 111381760, 111381632, 111381626, 111381630, 111381937, 111381771, 111381895, 111381927, 111381650, 111381641, 111381635, 111381649, 111381674, 111381697, 111381679, 111381692, 111381953, 111381700, 111381776, 111381954, 111381757, 111381730, 111381789, 111381704, 111381717, 111381702, 111381758, 111381660, 111381754, 111381721, 111381786, 111381659, 111381878, 111381884, 111381886, 111381883, 111381873, 111381871, 111381901, 111381907, 111381920, 111381918, 111381913, 111381915, 111381914, 111381860, 111381858, 111381868, 111381854, 111381866, 111381744, 111381943, 

Shuppin: 

686, 297, 132, 126, 130, 702, 308, 647, 679, 150, 141, 135, 149, 211, 234, 216, 229, 718, 237, 313, 719, 294, 267, 326, 241, 254, 239, 295, 160, 291, 258, 323, 159, 630, 636, 638, 635, 625, 623, 653, 659, 672, 670, 665, 667, 666, 612, 610, 620, 606, 618, 281, 708, 
-------------------------------------------------------------
