#############################################################
USS Nagoya Errors: 

Data Collection lasted for 32 minutes and 35.2 seconds.
Error checking completed within 0.1 seconds.
Finished checking on Friday, 29. November 2019 08:30AM 
#############################################################

No Main Image:
No issues
-------------------------------------------------------------
Japanese Characters:
No issues
-------------------------------------------------------------
Unknown Year/Make/Model:
115557593, 115558910, 115562207, 115558911, 115567648, 115554056, 115554964, 115558914, 115553801, 115562298, 115570433, 

Shuppin: 

11279, 20695, 58222, 20696, 11104, 20383, 58055, 20699, 20027, 58439, 11326, 
-------------------------------------------------------------
Unknown Chassis Prefix:
115558935, 115561644, 115568125, 115558909, 115558920, 115558911, 115565045, 115565058, 115562263, 115565040, 115554013, 115558877, 115554207, 115558863, 115562248, 115558886, 115553959, 115555045, 115570621, 115567648, 115555108, 115568148, 115558758, 115555132, 115558925, 115553947, 115554191, 115554180, 115564410, 115568209, 115554169, 115554056, 115558862, 115553838, 115570628, 115558885, 115570766, 115554964, 115554148, 115555005, 115570575, 115554165, 115554133, 115554011, 115558715, 115570538, 115554997, 115558856, 115558912, 115563308, 115568070, 115570531, 115554010, 115568162, 115554995, 115555066, 115553787, 115557595, 115558858, 115554082, 115561643, 115553836, 115554032, 115554481, 115558915, 115568126, 115568278, 115553478, 115553827, 115554987, 115553937, 115564411, 115562164, 115553837, 115558854, 115558914, 115554046, 115554999, 115554166, 115558881, 115562185, 115568073, 115558857, 115558860, 115558883, 115554217, 115568590, 115554134, 115558913, 115554167, 115554065, 115558840, 115570548, 115555199, 115568093, 115558853, 115570547, 115554093, 115570559, 115553887, 115554216, 115554115, 115558796, 115555090, 115558859, 115558855, 115554012, 115553956, 115554953, 115571860, 115565032, 

Shuppin: 

43006, 20070, 20797, 20694, 20762, 20696, 25029, 25049, 58400, 25019, 20289, 20659, 20620, 20644, 58373, 20669, 20222, 58161, 58501, 11104, 58246, 20823, 20355, 58284, 20767, 20209, 20600, 20586, 35084, 43002, 20572, 20383, 20643, 20072, 58510, 20667, 20876, 58055, 20543, 58108, 20862, 20567, 20492, 20286, 20287, 20780, 58097, 20637, 20697, 43003, 20708, 20734, 20284, 25054, 58095, 58190, 20010, 11280, 20639, 20418, 20067, 20069, 20350, 40185, 20700, 20798, 50050, 11107, 20057, 58084, 20196, 35089, 58035, 20071, 20634, 20699, 20371, 58102, 20568, 20663, 58133, 20711, 20638, 20641, 20665, 20635, 58456, 20493, 20698, 20569, 20399, 20573, 20829, 58372, 20736, 20633, 20828, 20433, 20842, 20134, 20630, 20469, 20494, 58223, 20640, 20636, 20288, 20218, 58041, 25102, 25006, 
-------------------------------------------------------------
No Transmission/Color/Fuel Type:
115554077, 115558873, 115568210, 115555043, 115568429, 115554823, 115568702, 115567740, 115557945, 115555140, 115562207, 115558935, 115561644, 115568125, 115558909, 115558920, 115558911, 115565045, 115565058, 115562263, 115565040, 115554013, 115558877, 115554207, 115558863, 115562248, 115558886, 115553959, 115555045, 115570621, 115567648, 115555108, 115568148, 115558758, 115555132, 115558925, 115553947, 115554191, 115554180, 115564410, 115568209, 115554169, 115554056, 115558862, 115553838, 115570628, 115558885, 115570766, 115554964, 115554148, 115555005, 115570575, 115554165, 115554133, 115554011, 115558715, 115570538, 115554997, 115558856, 115558912, 115563308, 115568070, 115570531, 115554010, 115568162, 115554995, 115555066, 115553787, 115557595, 115558858, 115554082, 115561643, 115553836, 115554032, 115554481, 115558915, 115568126, 115568278, 115553478, 115553827, 115554987, 115553937, 115564411, 115562164, 115553837, 115558854, 115558914, 115554046, 115554999, 115554166, 115558881, 115562185, 115568073, 115558857, 115558860, 115558883, 115554217, 115568590, 115554134, 115558913, 115554167, 115554065, 115558840, 115570548, 115555199, 115568093, 115558853, 115570547, 115554093, 115570559, 115553887, 115554216, 115554115, 115558796, 115555090, 115558859, 115558855, 115554012, 115553956, 115554953, 115571860, 115565032, 115553801, 115553526, 

Shuppin: 

20413, 20655, 43004, 58159, 50577, 40695, 60268, 40886, 35206, 58295, 58222, 43006, 20070, 20797, 20694, 20762, 20696, 25029, 25049, 58400, 25019, 20289, 20659, 20620, 20644, 58373, 20669, 20222, 58161, 58501, 11104, 58246, 20823, 20355, 58284, 20767, 20209, 20600, 20586, 35084, 43002, 20572, 20383, 20643, 20072, 58510, 20667, 20876, 58055, 20543, 58108, 20862, 20567, 20492, 20286, 20287, 20780, 58097, 20637, 20697, 43003, 20708, 20734, 20284, 25054, 58095, 58190, 20010, 11280, 20639, 20418, 20067, 20069, 20350, 40185, 20700, 20798, 50050, 11107, 20057, 58084, 20196, 35089, 58035, 20071, 20634, 20699, 20371, 58102, 20568, 20663, 58133, 20711, 20638, 20641, 20665, 20635, 58456, 20493, 20698, 20569, 20399, 20573, 20829, 58372, 20736, 20633, 20828, 20433, 20842, 20134, 20630, 20469, 20494, 58223, 20640, 20636, 20288, 20218, 58041, 25102, 25006, 20027, 11175, 
-------------------------------------------------------------
No Equipment:
No issues
-------------------------------------------------------------
Additional Photos Show 'No Foto':
No issues
-------------------------------------------------------------
No Auction Sheet:
No issues
-------------------------------------------------------------
