#############################################################
USS Nagoya Errors: 

Data Collection lasted for 30 minutes and 23.6 seconds.
Error checking completed within 0.1 seconds.
Finished checking on Friday, 08. November 2019 08:54AM 
#############################################################

No Main Image:
No issues
-------------------------------------------------------------
Japanese Characters:
No issues
-------------------------------------------------------------
Unknown Year/Make/Model:
115145880, 115142344, 115144248, 115131165, 115131291, 115131753, 115130824, 115145819, 115131033, 115131669, 115142465, 115130815, 115142890, 115142439, 115131015, 115145920, 115138457, 115131045, 115142469, 115144362, 115146304, 115133844, 115135760, 115130365, 115145001, 115144262, 115135730, 115135961, 115141993, 115136266, 

Shuppin: 

20712, 20450, 58138, 20196, 58230, 58158, 20413, 20588, 20041, 58066, 20639, 20402, 58334, 20559, 20018, 20752, 25026, 20057, 20646, 6320, 51117, 3568, 17332, 1122, 17021, 6068, 17294, 50168, 1019, 50518, 
-------------------------------------------------------------
Unknown Chassis Prefix:
115142465, 115131046, 115145915, 115130815, 115138458, 115145864, 115142475, 115145871, 115145059, 115145868, 115142909, 115131193, 115142890, 115142439, 115142451, 115142442, 115142416, 115130843, 115142415, 115142412, 115142414, 115130842, 115142869, 115131272, 115145838, 115145905, 115142450, 115131015, 115145920, 115142507, 115131047, 115130800, 115131776, 115131263, 115131635, 115131111, 115142910, 115130772, 115138489, 115138457, 115131045, 115131680, 115130804, 115131763, 115131029, 115133730, 115142460, 115149495, 115131616, 115146477, 115142356, 115142488, 115142372, 115142413, 115142337, 115142357, 115142411, 115142508, 115142468, 115130844, 115142469, 115145874, 115142334, 115142364, 115145914, 115142466, 115142355, 115131728, 115131711, 115142410, 115142354, 115142342, 115142341, 115142293, 115142294, 115142915, 115131210, 115145940, 

Shuppin: 

20639, 20058, 20747, 20402, 25027, 20643, 20658, 20654, 25060, 20650, 58354, 20228, 58334, 20559, 20571, 20562, 20536, 20436, 20535, 20532, 20534, 20435, 58271, 20411, 20607, 20737, 20570, 20018, 20752, 20695, 20061, 20384, 58184, 20331, 58030, 20134, 58355, 20354, 40295, 25026, 20057, 58077, 20388, 58170, 20035, 35097, 20629, 43003, 58010, 58437, 20471, 20671, 20492, 20533, 20434, 20472, 20531, 20696, 20642, 20438, 20646, 20675, 20401, 20484, 20746, 20640, 20470, 58129, 58111, 20530, 20469, 20445, 20444, 20191, 20192, 58360, 20250, 20772, 
-------------------------------------------------------------
No Transmission/Color/Fuel Type:
115131353, 115131786, 115131757, 115131043, 115142284, 115130819, 115131636, 115129982, 115145815, 115130749, 115145384, 115142465, 115131046, 115145915, 115130815, 115138458, 115145864, 115142475, 115145871, 115145059, 115145868, 115142909, 115131193, 115142890, 115142439, 115142451, 115142442, 115142416, 115130843, 115142415, 115142412, 115142414, 115130842, 115142869, 115131272, 115145838, 115145905, 115142450, 115131015, 115145920, 115142507, 115131047, 115130800, 115131776, 115131263, 115131635, 115131111, 115142910, 115130772, 115138489, 115138457, 115131045, 115131680, 115130804, 115131763, 115131029, 115133730, 115142460, 115149495, 115131616, 115146477, 115142356, 115142488, 115142372, 115142413, 115142337, 115142357, 115142411, 115142508, 115142468, 115130844, 115142469, 115145874, 115142334, 115142364, 115145914, 115142466, 115142355, 115131728, 115131711, 115142410, 115142354, 115142342, 115142341, 115142293, 115142294, 115142915, 115131210, 115145940, 

Shuppin: 

58304, 58195, 58164, 20055, 20104, 20406, 58031, 40035, 20584, 1238, 51084, 20639, 20058, 20747, 20402, 25027, 20643, 20658, 20654, 25060, 20650, 58354, 20228, 58334, 20559, 20571, 20562, 20536, 20436, 20535, 20532, 20534, 20435, 58271, 20411, 20607, 20737, 20570, 20018, 20752, 20695, 20061, 20384, 58184, 20331, 58030, 20134, 58355, 20354, 40295, 25026, 20057, 58077, 20388, 58170, 20035, 35097, 20629, 43003, 58010, 58437, 20471, 20671, 20492, 20533, 20434, 20472, 20531, 20696, 20642, 20438, 20646, 20675, 20401, 20484, 20746, 20640, 20470, 58129, 58111, 20530, 20469, 20445, 20444, 20191, 20192, 58360, 20250, 20772, 
-------------------------------------------------------------
No Equipment:
No issues
-------------------------------------------------------------
Additional Photos Show 'No Foto':
No issues
-------------------------------------------------------------
No Auction Sheet:
No issues
-------------------------------------------------------------
