#############################################################
ARAI VAN TRUCK Errors: 

Data Collection lasted for 8 minutes and 43.0 seconds.
Error checking completed within 0.0 seconds.
Finished checking on Friday, 12. April 2019 10:54PM 
#############################################################
No Main Image:
No issues
-------------------------------------------------------------
Japanese Characters:
111130106, 111147154, 

Shuppin: 

4643, 5399, 
-------------------------------------------------------------
Unknown Year/Make/Model:
111129904, 111130135, 111163867, 111159202, 111130095, 111130347, 111147365, 111147164, 111147186, 111150908, 111147522, 111130197, 111147240, 111130064, 111130058, 111163494, 111130106, 111147313, 111147154, 111146882, 111142439, 111163192, 111146628, 111163356, 111146999, 111146903, 111147285, 

Shuppin: 

3097, 4673, 6312, 5876, 4630, 8317, 5623, 5410, 5434, 1315, 5781, 4736, 5489, 4521, 4515, 4559, 4643, 5567, 5399, 5076, 8717, 1051, 3389, 3591, 5217, 5107, 5535, 
-------------------------------------------------------------
Unknown Chassis Prefix:
No issues
-------------------------------------------------------------
No Transmission/Color/Fuel Type:
111129904, 111142204, 111130135, 111142281, 111163867, 111159202, 111130347, 111147365, 111147164, 111147186, 111163705, 111163665, 111150908, 111163570, 111147728, 111130197, 111163650, 111164141, 111147411, 111130064, 111146832, 111130058, 111163844, 111147479, 111164108, 111164139, 111164106, 111147500, 111147644, 111130106, 111147313, 111147154, 111146882, 111146793, 111147311, 111147627, 111164125, 111159220, 111147054, 111130157, 111147492, 111163661, 111163192, 111142254, 111147725, 111142219, 111146628, 111146688, 111129895, 111129789, 111147358, 111147362, 111169078, 111163569, 111147025, 111163356, 111161140, 111129927, 111129820, 111147575, 111147075, 111125781, 111146999, 111146903, 111147140, 111164134, 111147352, 111147256, 111147036, 111159211, 111130120, 111130138, 111147122, 111147101, 111147623, 111147285, 

Shuppin: 

3097, 3224, 4673, 5235, 6312, 5876, 8317, 5623, 5410, 5434, 6143, 6101, 1315, 6004, 8378, 4736, 6085, 8420, 5670, 4521, 5001, 4515, 6289, 5738, 8354, 8418, 8352, 5759, 6774, 4643, 5567, 5399, 5076, 4432, 5565, 5916, 8404, 5940, 5284, 4696, 5751, 6096, 1051, 5060, 8375, 3249, 3389, 3453, 3087, 2706, 5614, 5620, 3735, 6003, 5253, 3591, 2542, 3121, 3006, 5834, 5317, 6720, 5217, 5107, 5383, 8413, 5608, 5506, 5266, 5886, 4658, 4676, 5365, 5344, 5912, 5535, 
-------------------------------------------------------------
No Equipment:
No issues
-------------------------------------------------------------
Additional Photos Show 'No Foto':
No issues
-------------------------------------------------------------
No Auction Sheet:
No issues
-------------------------------------------------------------
