#############################################################
AucNet AucMon Errors: 

Data Collection lasted for 5 minutes and 15.0 seconds.
Error checking completed within 0.1 seconds.
Finished checking on Monday, 03. June 2019 06:45AM 
#############################################################

No Main Image:
No issues
-------------------------------------------------------------
Japanese Characters:
112102909, 112102922, 112103065, 112102998, 112102969, 112108862, 112103063, 112103078, 112102762, 112102949, 112103200, 112103203, 112103369, 112103243, 112103075, 112103076, 112103025, 

Shuppin: 

18021, 18034, 18178, 18111, 18081, 35015, 18176, 20502, 10510, 18061, 30029, 30032, 35070, 30072, 20006, 20007, 18138, 
-------------------------------------------------------------
Unknown Year/Make/Model:
112103265, 112103260, 112103193, 112103198, 112103308, 112102909, 112102906, 112102843, 112102948, 112102715, 112102969, 112102750, 112102958, 112102955, 112102856, 112102734, 112102980, 112102947, 112103191, 112103278, 112103295, 112103454, 112103458, 112103305, 112103194, 112113406, 112103199, 112103195, 112103197, 112103189, 112103200, 112103188, 112103201, 112103192, 112103203, 112103479, 112103469, 112103456, 112103468, 112103455, 112103459, 112103475, 112103466, 112103248, 112103462, 112103453, 112103457, 112103185, 112103178, 112103226, 112103233, 112103370, 112103366, 112103427, 112103212, 112103219, 112103435, 112103392, 112103419, 112103418, 112103417, 112103415, 112103425, 112103389, 112103399, 112103460, 112103476, 112103205, 112103433, 112103174, 112103391, 112103470, 112103397, 112103368, 112103294, 112103430, 112103420, 112103401, 112121435, 112103234, 112103402, 112103432, 112103300, 112103431, 112103393, 112103414, 112103403, 112103438, 112103386, 112103362, 112103299, 112081468, 112103464, 112103423, 112103255, 112103210, 112103436, 112103228, 112103429, 112103388, 112103404, 112103411, 112103413, 112103376, 112103407, 112103405, 112103227, 112103275, 112103304, 112103364, 112103358, 112103369, 112103363, 112103394, 112103396, 112103374, 112103421, 112103375, 112103309, 112103297, 112103424, 112103437, 112103208, 112103343, 112103181, 112103204, 112103273, 112103257, 112103377, 112103236, 112103398, 112103230, 112103395, 112103306, 112102765, 112103232, 112103287, 112103350, 112103256, 112103463, 112103272, 112103352, 112103286, 112103472, 112103252, 112103285, 112103288, 112102779, 112103182, 112103251, 112103243, 112103179, 112103225, 112103277, 112103224, 112103307, 112103303, 112103177, 112103176, 112103365, 112103184, 112103289, 112103239, 112103296, 112103187, 112103342, 112103229, 112103357, 112103290, 112103302, 112103373, 112103409, 112103246, 112103416, 112103298, 112103385, 112103222, 112103220, 112103264, 112103223, 112103213, 112103274, 112103221, 112103245, 112103381, 112103379, 112103384, 112103269, 112103209, 112103249, 112103242, 112103206, 112103406, 112103190, 112103448, 112103447, 112103217, 112103380, 112103445, 112103378, 112103441, 112103428, 112103444, 112103446, 112103261, 112103412, 112103450, 112103410, 112103442, 112103360, 112103400, 112103383, 112103439, 112103382, 112103241, 112103449, 112103426, 112103237, 112103390, 112103387, 112103215, 112103408, 112103301, 112103263, 112103262, 112103271, 112103440, 112103211, 112103267, 112103434, 112103244, 112103443, 112103218, 112103216, 112103202, 112103207, 112103253, 112103270, 112121436, 112103268, 112103247, 112103235, 112103180, 112103240, 112103259, 112103254, 112103291, 112103214, 112103196, 112103283, 112109767, 112103471, 112103452, 112103451, 112103372, 112103477, 112103231, 112103473, 112103280, 112103284, 112103279, 112103281, 112103282, 112103293, 112103292, 112103258, 112103183, 112102995, 112102950, 112103266, 112103175, 112103186, 112103250, 112103276, 112103238, 112103060, 

Shuppin: 

30094, 30089, 30022, 30027, 34007, 18021, 18018, 16001, 18060, 10012, 18081, 10047, 18070, 18067, 16015, 10031, 18093, 18059, 30020, 31001, 33001, 37004, 37008, 34004, 30023, 10509, 30028, 30024, 30026, 30018, 30029, 30017, 30030, 30021, 30032, 37029, 37019, 37006, 37018, 37005, 37009, 37025, 37016, 30077, 37012, 37003, 37007, 30014, 30007, 30055, 30062, 35071, 35067, 36503, 30041, 30048, 36512, 36019, 36046, 36045, 36044, 36042, 36501, 36016, 36026, 37010, 37026, 30034, 36509, 30003, 36018, 37020, 36024, 35069, 32012, 36506, 36047, 36028, 30001, 30063, 36029, 36508, 33006, 36507, 36020, 36041, 36030, 36515, 36013, 35063, 33005, 25023, 37014, 36050, 30084, 30039, 36513, 30057, 36505, 36015, 36031, 36038, 36040, 36003, 36034, 36032, 30056, 30501, 34003, 35065, 35059, 35070, 35064, 36021, 36023, 36001, 36048, 36002, 34008, 33003, 36051, 36514, 30037, 35044, 30010, 30033, 30102, 30086, 36004, 30065, 36025, 30059, 36022, 34005, 10513, 30061, 32003, 35051, 30085, 37013, 30101, 35053, 32002, 37022, 30081, 32001, 32004, 11007, 30011, 30080, 30072, 30008, 30054, 30503, 30053, 34006, 34002, 30006, 30005, 35066, 30013, 32005, 30068, 33002, 30016, 35043, 30058, 35058, 32006, 34001, 35074, 36036, 30075, 36043, 33004, 36012, 30051, 30049, 30093, 30052, 30042, 30103, 30050, 30074, 36008, 36006, 36011, 30098, 30038, 30078, 30071, 30035, 36033, 30019, 36525, 36524, 30046, 36007, 36522, 36005, 36518, 36504, 36521, 36523, 30090, 36039, 36527, 36037, 36519, 35061, 36027, 36010, 36516, 36009, 30070, 36526, 36502, 30066, 36017, 36014, 30044, 36035, 33007, 30092, 30091, 30100, 36517, 30040, 30096, 36511, 30073, 36520, 30047, 30045, 30031, 30036, 30082, 30099, 30002, 30097, 30076, 30064, 30009, 30069, 30088, 30083, 32007, 30043, 30025, 31006, 32009, 37021, 37002, 37001, 35073, 37027, 30060, 37023, 31003, 31007, 31002, 31004, 31005, 32010, 32008, 30087, 30012, 18108, 18062, 30095, 30004, 30015, 30079, 30502, 30067, 18173, 
-------------------------------------------------------------
Unknown Chassis Prefix:
No issues
-------------------------------------------------------------
No Transmission/Color/Fuel Type:
112103308, 112107103, 112107099, 112102955, 112102734, 112103295, 112113406, 112121435, 112103362, 112103376, 112103407, 112103405, 112103394, 112103377, 112103272, 112103472, 112103251, 112103229, 112103274, 112103245, 112103406, 112103215, 112103408, 112121436, 112109767, 112102995, 112102950, 

Shuppin: 

34007, 35017, 35009, 18067, 10031, 33001, 10509, 30001, 35063, 36003, 36034, 36032, 36021, 36004, 30101, 37022, 30080, 30058, 30103, 30074, 36033, 30044, 36035, 30002, 32009, 18108, 18062, 
-------------------------------------------------------------
No Equipment:
No issues
-------------------------------------------------------------
Additional Photos Show 'No Foto':
No issues
-------------------------------------------------------------
No Auction Sheet:
No issues
-------------------------------------------------------------
