#############################################################
AICHI AUTO AUCTION Errors: 

Data Collection lasted for 3 minutes and 36.9 seconds.
Error checking completed within 0.0 seconds.
Finished checking on Monday, 08. April 2019 11:02PM 
#############################################################
No Main Image:
No issues
-------------------------------------------------------------
Japanese Characters:
111058219, 111058203, 111058196, 111057935, 111058204, 111057859, 111058027, 111058164, 111057748, 111058226, 111058224, 111058161, 111057979, 111058175, 111058163, 111057755, 111057947, 111058056, 111057784, 111058045, 111058157, 111058091, 111058141, 111058031, 111057848, 111057902, 111057834, 111058207, 111057922, 111058199, 111057992, 111057995, 111058162, 111057771, 111057825, 111057865, 111057821, 111057753, 111058086, 111058088, 111058121, 111057845, 111058187, 111058177, 111058119, 111058124, 111058195, 111058138, 111058134, 111057987, 111058037, 111057828, 111057985, 111058171, 111058033, 111057767, 111057744, 111057984, 111057977, 111058168, 111057773, 111057869, 111058132, 111058106, 111058120, 111057955, 111058105, 111058108, 111058210, 111058149, 111057768, 111057898, 111058225, 111058228, 111057764, 111057777, 111058007, 111057818, 111058218, 111058148, 111058083, 111057965, 111058223, 111058158, 111058183, 111058101, 111058139, 111057849, 111057780, 111057887, 111057871, 111058054, 111058102, 111057907, 111057912, 111057820, 111057888, 111057901, 111057884, 111057916, 111057910, 111057894, 111057890, 111057893, 111057775, 111058188, 111057950, 111057978, 111058113, 111057866, 111057986, 111058041, 111058191, 111057815, 111057806, 111057807, 111057801, 111057752, 111058180, 111057841, 111057790, 111057966, 111057822, 111058013, 111058042, 111058153, 111058014, 111057937, 111057929, 111058227, 111057921, 111058075, 111058060, 111058065, 111058076, 111058142, 111058143, 111058146, 111058074, 111058145, 111058057, 111058070, 111058140, 111058068, 111057782, 111057747, 111057851, 111058004, 111057923, 

Shuppin: 

9, 75, 69, 271, 76, 202, 354, 478, 102, 96, 94, 475, 310, 5, 477, 109, 282, 380, 135, 370, 471, 411, 457, 358, 193, 241, 180, 79, 26, 71, 322, 325, 476, 123, 172, 208, 169, 107, 407, 409, 439, 190, 60, 51, 437, 441, 68, 454, 450, 318, 363, 175, 316, 484, 36, 12, 1, 315, 309, 481, 125, 211, 449, 425, 438, 29, 424, 427, 81, 464, 120, 238, 95, 98, 117, 129, 336, 166, 89, 463, 404, 299, 93, 472, 57, 420, 455, 194, 131, 228, 213, 379, 421, 246, 250, 168, 229, 240, 225, 254, 249, 234, 230, 233, 127, 61, 285, 31, 431, 209, 317, 367, 64, 163, 155, 156, 150, 106, 54, 187, 140, 3, 17, 341, 368, 468, 342, 273, 266, 97, 259, 398, 384, 389, 399, 458, 459, 461, 397, 460, 381, 393, 456, 391, 133, 101, 196, 333, 260, 
-------------------------------------------------------------
Unknown Year/Make/Model:
No issues
-------------------------------------------------------------
Unknown Chassis Prefix:
No issues
-------------------------------------------------------------
No Transmission/Color/Fuel Type:
No issues
-------------------------------------------------------------
No Equipment:
No issues
-------------------------------------------------------------
Missing Yor:
No issues
-------------------------------------------------------------
No Yor Image:
No issues
-------------------------------------------------------------
Additional Photos Show 'No Foto':
No issues
-------------------------------------------------------------
No Auction Sheet:
No issues
-------------------------------------------------------------
