#############################################################
CAA ORIX FUKUOKA (TENDER) Errors: 

Data Collection lasted for 2 minutes and 9.8 seconds.
Error checking completed within 9 minutes and 14.9 seconds.
Finished checking on Monday, 08. April 2019 08:03PM 
#############################################################
No Main Image:
No issues
-------------------------------------------------------------
Japanese Characters:
111041761, 111041806, 111041973, 111041830, 111041949, 111041967, 111041971, 111041972, 111041974, 111041822, 111042014, 111041989, 111041884, 111041982, 111041785, 111041912, 111041828, 111041854, 111041923, 111041922, 111041963, 111041827, 111041955, 111041950, 111041945, 111041977, 111041932, 111041931, 111041953, 111041958, 111041800, 111041891, 111041947, 

Shuppin: 

1028, 1069, 527, 1090, 505, 521, 525, 526, 528, 1083, 87, 64, 151, 58, 105, 21, 1089, 124, 31, 30, 518, 1088, 510, 506, 501, 530, 4, 39, 509, 513, 1063, 158, 503, 
-------------------------------------------------------------
Unknown Year/Make/Model:
111041980, 111042010, 111042025, 111041774, 

Shuppin: 

56, 83, 97, 104, 
-------------------------------------------------------------
Unknown Chassis Prefix:
No issues
-------------------------------------------------------------
No Transmission/Color/Fuel Type:
111041761, 

Shuppin: 

1028, 
-------------------------------------------------------------
No Equipment:
No issues
-------------------------------------------------------------
Missing Yor:
111041761, 111041858, 111041806, 111041736, 111041869, 111041794, 111041832, 111041834, 111041871, 111041865, 111042006, 111041863, 111041973, 111041819, 111041985, 111041798, 111042022, 111041886, 111041844, 111041845, 111041829, 111041843, 111041983, 111041840, 111041920, 111041991, 111041846, 111042012, 111042016, 111041990, 111042001, 111041851, 111041978, 111041908, 111042002, 111041818, 111041757, 111041868, 111041801, 111041805, 111041817, 111041984, 111041830, 111041949, 111041967, 111041951, 111041962, 111041971, 111041972, 111041974, 111041952, 111041807, 111041839, 111041852, 111041979, 111041939, 111041739, 111041738, 111041737, 111042011, 111041820, 111042017, 111041980, 111042010, 111042025, 111041774, 111041740, 111041742, 111041935, 111041822, 111041759, 111041927, 111042014, 111041988, 111041746, 111041744, 111041745, 111041755, 111041734, 111041940, 111041942, 111041933, 111042026, 111042015, 111041733, 111041981, 111041876, 111041849, 111041804, 111041897, 111041899, 111041896, 111041898, 111041900, 111042027, 111041910, 111041941, 111041861, 111042008, 111041731, 111041802, 111041821, 111041756, 111041989, 111041884, 111041889, 111042024, 111041763, 111041982, 111041785, 111041912, 111041894, 111041872, 111041809, 111041934, 111041743, 111041837, 111042000, 111041901, 111041776, 111041775, 111041770, 111041772, 111041777, 111041771, 111041773, 111041877, 111041833, 111041916, 111041914, 111041867, 111041747, 111041853, 111041995, 111041760, 111041765, 111041764, 111041766, 111041767, 111041768, 111041769, 111041762, 111041828, 111041907, 111041903, 111041905, 111041906, 111041816, 111041836, 111041810, 111041814, 111041854, 111041923, 111041922, 111042003, 111041778, 111041781, 111041780, 111041786, 111041782, 111041783, 111041784, 111041787, 111041779, 111041963, 111041803, 111042018, 111042019, 111042021, 111042020, 111041753, 111041799, 111042023, 111041878, 111041913, 111041859, 111041888, 111041998, 111041918, 111041915, 111041874, 111041938, 111041864, 111041924, 111041866, 111041796, 111041848, 111041893, 111041880, 111041960, 111041827, 111041946, 111041793, 111041749, 111041750, 111041748, 111041993, 111041964, 111041860, 111041955, 111041950, 111041945, 111041956, 111041997, 111041895, 111041823, 111041824, 111041826, 111041825, 111041815, 111041835, 111041754, 111041813, 111041909, 111041904, 111041929, 111041902, 111041808, 111041758, 111041811, 111042013, 111041729, 111041977, 111041932, 111041885, 111041937, 111041931, 111041879, 111041925, 111041883, 111041926, 111041881, 111041917, 111041999, 111041954, 111041735, 111041928, 111042005, 111041788, 111041855, 111041975, 111041961, 111041948, 111041953, 111041958, 111041966, 111041875, 111041944, 111041936, 111041959, 111041789, 111041792, 111041791, 111041790, 111041850, 111041882, 111041732, 111041800, 111041795, 111041870, 111041831, 111041841, 111041842, 111041930, 111041890, 111041838, 111041921, 111041887, 111041862, 111041847, 111041857, 111041919, 111041986, 111041873, 111041891, 111041987, 111042004, 111041751, 111041730, 111041965, 111042007, 111041943, 111041992, 111041947, 111041797, 111041976, 111041911, 111041812, 111041741, 111042009, 111041996, 111041994, 111041892, 111041752, 111041856, 

Shuppin: 

1028, 128, 1069, 1005, 138, 1058, 1092, 1094, 14, 134, 8, 132, 527, 1080, 60, 1061, 94, 153, 115, 116, 109, 114, 59, 111, 29, 66, 117, 85, 89, 65, 75, 121, 54, 18, 76, 108, 1024, 137, 1064, 1068, 1079, 6, 1090, 505, 521, 507, 517, 525, 526, 528, 508, 107, 110, 122, 55, 46, 1008, 1007, 1006, 84, 1081, 9, 56, 83, 97, 104, 1009, 1010, 42, 1083, 1026, 35, 87, 63, 1014, 1012, 1013, 1022, 1003, 47, 49, 40, 98, 88, 1002, 57, 144, 12, 1067, 163, 165, 162, 164, 166, 99, 2, 48, 130, 81, 100, 1065, 1082, 1023, 64, 151, 156, 96, 103, 58, 105, 21, 160, 140, 1071, 41, 1011, 1097, 74, 167, 1041, 1040, 1036, 1038, 1042, 1037, 1039, 145, 1093, 25, 23, 136, 1015, 123, 7, 1027, 1031, 1030, 1032, 1033, 1034, 1035, 1029, 1089, 172, 169, 170, 171, 1078, 1096, 1072, 1076, 124, 31, 30, 77, 1043, 1046, 1045, 1050, 1047, 1048, 1049, 1051, 1044, 518, 1066, 90, 91, 93, 92, 1020, 1062, 95, 146, 22, 129, 155, 72, 27, 24, 142, 45, 133, 32, 135, 106, 119, 16, 148, 515, 1088, 502, 1057, 1017, 1018, 1016, 68, 519, 13, 510, 506, 501, 511, 71, 161, 1084, 1085, 1087, 1086, 1077, 1095, 1021, 1075, 19, 17, 37, 168, 1070, 1025, 1073, 86, 1, 530, 4, 152, 44, 39, 147, 33, 150, 34, 149, 26, 73, 51, 1004, 36, 79, 1052, 125, 529, 516, 504, 509, 513, 520, 143, 50, 43, 514, 1053, 1056, 1055, 1054, 120, 15, 1001, 1063, 1059, 139, 1091, 112, 113, 38, 157, 11, 3, 154, 131, 118, 127, 28, 61, 141, 158, 62, 78, 1019, 10, 52, 80, 5, 67, 503, 1060, 53, 20, 1074, 101, 82, 70, 69, 159, 102, 126, 
-------------------------------------------------------------
No Yor Image:
No issues
-------------------------------------------------------------
Additional Photos Show 'No Foto':
No issues
-------------------------------------------------------------
No Auction Sheet:
No issues
-------------------------------------------------------------
