#############################################################
CAA ORIX KOBE (TENDER) Errors: 

Data Collection lasted for 3 minutes and 1.3 seconds.
Error checking completed within 15 minutes and 18.8 seconds.
Finished checking on Monday, 08. April 2019 08:34PM 
#############################################################
No Main Image:
No issues
-------------------------------------------------------------
Japanese Characters:
111042219, 111042196, 111042292, 111042067, 111042214, 111042355, 111042339, 111042353, 111042285, 111042264, 111042137, 111042342, 111042337, 111042291, 111042093, 111042094, 111042309, 111042287, 111042276, 111042402, 111042367, 111042266, 111042283, 111042259, 111042278, 111042301, 111042275, 111042290, 111042216, 111042413, 111042357, 111042352, 111042041, 111042388, 111042127, 111042059, 111042271, 111042256, 111042279, 111042269, 111042257, 111042280, 111042261, 111042282, 111042258, 111042262, 111042270, 111042074, 111042281, 111042404, 111042400, 111042403, 111042401, 111042407, 111042378, 111042395, 111042383, 111042396, 111042351, 111042046, 111042274, 111042138, 111042288, 111042289, 

Shuppin: 

188, 165, 254, 1037, 183, 312, 298, 310, 248, 229, 1104, 300, 296, 253, 1060, 1061, 270, 25, 24, 77, 41, 230, 246, 224, 241, 262, 239, 252, 185, 88, 32, 31, 1011, 64, 1095, 1028, 235, 221, 242, 233, 222, 243, 226, 245, 223, 227, 234, 1043, 244, 79, 75, 78, 76, 81, 54, 70, 59, 71, 309, 1016, 238, 1105, 250, 251, 
-------------------------------------------------------------
Unknown Year/Make/Model:
111042119, 111042248, 111042228, 111042136, 111042313, 

Shuppin: 

1087, 214, 197, 1103, 274, 
-------------------------------------------------------------
Unknown Chassis Prefix:
No issues
-------------------------------------------------------------
No Transmission/Color/Fuel Type:
111042264, 111042313, 111042278, 

Shuppin: 

229, 274, 241, 
-------------------------------------------------------------
No Equipment:
No issues
-------------------------------------------------------------
Missing Yor:
111042316, 111042219, 111042051, 111042196, 111042090, 111042303, 111042200, 111042039, 111042029, 111042070, 111042081, 111042305, 111042072, 111042222, 111042143, 111042186, 111042084, 111042188, 111042045, 111042156, 111042160, 111042157, 111042292, 111042332, 111042359, 111042298, 111042321, 111042358, 111042364, 111042238, 111042091, 111042368, 111042069, 111042389, 111042067, 111042066, 111042245, 111042390, 111042239, 111042243, 111042319, 111042176, 111042265, 111042172, 111042068, 111042366, 111042130, 111042129, 111042393, 111042214, 111042034, 111042102, 111042103, 111042416, 111042418, 111042218, 111042185, 111042221, 111042355, 111042339, 111042353, 111042272, 111042285, 111042356, 111042295, 111042284, 111042294, 111042268, 111042296, 111042344, 111042347, 111042264, 111042137, 111042342, 111042338, 111042340, 111042134, 111042337, 111042291, 111042030, 111042048, 111042379, 111042374, 111042189, 111042220, 111042095, 111042119, 111042248, 111042228, 111042136, 111042085, 111042028, 111042381, 111042169, 111042159, 111042234, 111042384, 111042330, 111042350, 111042093, 111042094, 111042385, 111042113, 111042131, 111042177, 111042373, 111042040, 111042168, 111042309, 111042345, 111042331, 111042178, 111042336, 111042392, 111042212, 111042126, 111042175, 111042079, 111042170, 111042310, 111042334, 111042306, 111042313, 111042371, 111042377, 111042111, 111042053, 111042322, 111042202, 111042333, 111042073, 111042115, 111042114, 111042417, 111042060, 111042098, 111042117, 111042086, 111042058, 111042348, 111042244, 111042241, 111042242, 111042349, 111042173, 111042174, 111042171, 111042425, 111042287, 111042276, 111042065, 111042328, 111042240, 111042360, 111042308, 111042354, 111042324, 111042246, 111042312, 111042307, 111042318, 111042424, 111042232, 111042391, 111042420, 111042195, 111042180, 111042135, 111042402, 111042304, 111042167, 111042071, 111042367, 111042302, 111042251, 111042116, 111042250, 111042122, 111042057, 111042082, 111042080, 111042132, 111042089, 111042190, 111042179, 111042036, 111042398, 111042235, 111042315, 111042230, 111042125, 111042409, 111042325, 111042226, 111042225, 111042128, 111042110, 111042151, 111042146, 111042145, 111042155, 111042154, 111042161, 111042147, 111042153, 111042406, 111042152, 111042043, 111042405, 111042233, 111042266, 111042283, 111042260, 111042259, 111042278, 111042163, 111042236, 111042099, 111042301, 111042275, 111042290, 111042044, 111042042, 111042237, 111042123, 111042216, 111042413, 111042187, 111042370, 111042166, 111042083, 111042031, 111042032, 111042217, 111042063, 111042224, 111042149, 111042223, 111042247, 111042033, 111042421, 111042162, 111042037, 111042252, 111042253, 111042184, 111042326, 111042201, 111042341, 111042357, 111042181, 111042361, 111042363, 111042210, 111042050, 111042183, 111042422, 111042064, 111042320, 111042213, 111042423, 111042317, 111042092, 111042101, 111042343, 111042208, 111042193, 111042199, 111042209, 111042204, 111042205, 111042207, 111042206, 111042203, 111042182, 111042352, 111042041, 111042388, 111042386, 111042061, 111042362, 111042127, 111042088, 111042049, 111042062, 111042394, 111042375, 111042054, 111042055, 111042408, 111042369, 111042150, 111042059, 111042087, 111042164, 111042412, 111042194, 111042192, 111042191, 111042109, 111042415, 111042158, 111042197, 111042323, 111042271, 111042256, 111042279, 111042269, 111042257, 111042280, 111042261, 111042282, 111042258, 111042262, 111042270, 111042074, 111042281, 111042404, 111042400, 111042403, 111042401, 111042407, 111042378, 111042372, 111042078, 111042144, 111042395, 111042383, 111042396, 111042112, 111042077, 111042076, 111042267, 111042075, 111042311, 111042351, 111042387, 111042254, 111042148, 111042410, 111042411, 111042056, 111042047, 111042046, 111042198, 111042380, 111042382, 111042121, 111042419, 111042249, 111042255, 111042215, 111042231, 111042165, 111042327, 111042124, 111042227, 111042274, 111042138, 111042288, 111042289, 111042229, 111042100, 111042118, 111042335, 111042314, 111042035, 111042414, 111042365, 111042096, 111042038, 111042399, 111042376, 111042139, 111042211, 111042120, 111042052, 111042397, 111042097, 

Shuppin: 

277, 188, 1020, 165, 1058, 264, 169, 101, 100, 104, 105, 266, 1041, 191, 111, 156, 1052, 158, 1015, 127, 130, 128, 254, 291, 34, 26, 281, 33, 39, 205, 1059, 42, 1039, 65, 1037, 1036, 211, 66, 206, 21, 28, 147, 23, 142, 1038, 40, 1098, 1097, 69, 183, 1005, 1071, 1072, 90, 92, 187, 155, 190, 312, 298, 310, 236, 248, 313, 257, 247, 256, 232, 258, 302, 305, 229, 1104, 300, 297, 299, 1101, 296, 253, 1001, 1018, 55, 5, 159, 189, 1062, 1087, 214, 197, 1103, 1053, 1, 57, 14, 13, 201, 6, 29, 308, 1060, 1061, 60, 1081, 1099, 148, 48, 1010, 139, 270, 303, 290, 149, 295, 68, 181, 1094, 146, 1048, 140, 271, 293, 267, 274, 46, 53, 108, 1022, 282, 171, 292, 1042, 1083, 1082, 91, 1029, 1066, 1085, 1054, 1027, 306, 210, 208, 209, 307, 143, 144, 141, 99, 25, 24, 1035, 288, 207, 35, 269, 311, 284, 212, 273, 268, 279, 98, 20, 67, 94, 164, 150, 1102, 77, 265, 138, 1040, 41, 263, 217, 1084, 216, 1090, 1026, 1050, 1049, 110, 1057, 16, 15, 1007, 73, 202, 276, 199, 1093, 83, 285, 195, 194, 1096, 1079, 122, 116, 115, 126, 125, 131, 119, 124, 80, 123, 1013, 8, 200, 230, 246, 225, 224, 241, 134, 203, 1067, 262, 239, 252, 1014, 1012, 204, 1091, 185, 88, 157, 45, 137, 1051, 1002, 1003, 186, 1031, 193, 120, 192, 213, 1004, 95, 133, 1008, 218, 219, 154, 286, 170, 30, 32, 151, 36, 38, 179, 102, 153, 96, 1034, 280, 182, 97, 278, 106, 107, 301, 177, 162, 168, 178, 173, 174, 176, 175, 172, 152, 31, 1011, 64, 62, 103, 37, 1095, 1056, 1019, 1030, 7, 50, 1023, 1024, 82, 44, 121, 1028, 1055, 135, 86, 163, 161, 160, 1078, 9, 129, 166, 283, 235, 221, 242, 233, 222, 243, 226, 245, 223, 227, 234, 1043, 244, 79, 75, 78, 76, 81, 54, 47, 1047, 114, 70, 59, 71, 1080, 1046, 1045, 231, 1044, 272, 309, 63, 22, 12, 84, 85, 1025, 1017, 1016, 167, 56, 58, 1089, 93, 215, 220, 184, 2, 136, 287, 1092, 196, 238, 1105, 250, 251, 198, 1068, 1086, 294, 275, 1006, 89, 4, 1064, 1009, 74, 52, 1106, 18, 1088, 1021, 72, 1065, 
-------------------------------------------------------------
No Yor Image:
No issues
-------------------------------------------------------------
Additional Photos Show 'No Foto':
No issues
-------------------------------------------------------------
No Auction Sheet:
No issues
-------------------------------------------------------------
