#############################################################
CAA NAA FUKUOKA (TENDER) Errors: 

Data Collection lasted for 3 minutes and 23.0 seconds.
Error checking completed within 0.1 seconds.
Finished checking on Monday, 08. April 2019 10:58PM 
#############################################################
No Main Image:
No issues
-------------------------------------------------------------
Japanese Characters:
111032428, 111057570, 111032368, 111032387, 111057600, 111032342, 111032382, 111032370, 111032183, 111032551, 111032381, 111032540, 111032550, 111032358, 111057723, 111057712, 111032242, 111057710, 111057580, 111032168, 111057729, 111057724, 111032230, 111032215, 111032169, 111032557, 

Shuppin: 

2504, 2532, 516, 539, 3060, 4074, 531, 518, 2520, 533, 529, 4078, 530, 505, 6012, 574, 3404, 572, 2542, 2503, 6108, 6013, 3037, 3021, 2505, 6019, 
-------------------------------------------------------------
Unknown Year/Make/Model:
No issues
-------------------------------------------------------------
Unknown Chassis Prefix:
No issues
-------------------------------------------------------------
No Transmission/Color/Fuel Type:
No issues
-------------------------------------------------------------
No Equipment:
No issues
-------------------------------------------------------------
Missing Yor:
111032428, 111032554, 111032527, 111032519, 111032539, 111032302, 111032163, 111032194, 111057648, 111032346, 111032331, 111057570, 111032549, 111032542, 111032368, 111032387, 111032384, 111032167, 111032352, 111032524, 111032297, 111057606, 111057591, 111032235, 111057734, 111057587, 111032232, 111057617, 111032209, 111032197, 111032222, 111032201, 111057612, 111057597, 111032213, 111032202, 111032216, 111032218, 111057584, 111032244, 111032199, 111032243, 111032246, 111057593, 111032240, 111057583, 111032241, 111057586, 111057592, 111057732, 111032239, 111032211, 111057600, 111032245, 111057616, 111057618, 111057596, 111032198, 111032207, 111057608, 111032200, 111057588, 111032204, 111032219, 111057594, 111057598, 111032214, 111032345, 111032342, 111057653, 111032438, 111032314, 111057660, 111057677, 111032310, 111032329, 111057672, 111057647, 111032350, 111057667, 111032296, 111057645, 111032418, 111057662, 111032382, 111032344, 111032343, 111032299, 111032318, 111057666, 111032290, 111032375, 111057713, 111032323, 111032320, 111032309, 111032238, 111032196, 111032353, 111032154, 111032324, 111032138, 111032192, 111032294, 111057661, 111032348, 111032316, 111032334, 111032162, 111032386, 111032367, 111032397, 111057607, 111032228, 111032226, 111032229, 111032221, 111032306, 111032313, 111057718, 111057720, 111057615, 111032322, 111057670, 111057668, 111057655, 111032532, 111057678, 111057687, 111057690, 111057657, 111057663, 111032535, 111032152, 111032544, 111032533, 111032546, 111032522, 111032528, 111032543, 111032526, 111032537, 111032552, 111057693, 111032370, 111032183, 111032551, 111032381, 111032540, 111032354, 111032525, 111057673, 111032376, 111032174, 111057573, 111032356, 111057564, 111032145, 111057702, 111032553, 111032172, 111057706, 111032550, 111032374, 111032358, 111057723, 111032236, 111032292, 111032362, 111057695, 111057697, 111057705, 111032380, 111032385, 111032409, 111032415, 111032357, 111032388, 111032139, 111057676, 111032339, 111057658, 111057722, 111032144, 111032146, 111032142, 111032143, 111032150, 111032148, 111032147, 111032141, 111032439, 111032410, 111057704, 111057712, 111031679, 111057659, 111032279, 111032254, 111057626, 111032283, 111057629, 111057613, 111032253, 111032272, 111057611, 111032248, 111032247, 111032225, 111032205, 111032242, 111032268, 111032265, 111057703, 111057701, 111032364, 111057578, 111057572, 111057563, 111032366, 111032178, 111057595, 111057619, 111057730, 111032383, 111032177, 111032392, 111057652, 111057576, 111057579, 111057717, 111057710, 111032359, 111032361, 111057580, 111032168, 111032166, 111032373, 111032181, 111032355, 111057634, 111057638, 111032250, 111057642, 111057569, 111032390, 111057622, 111032341, 111032307, 111032159, 111057656, 111057683, 111032427, 111057630, 111032251, 111032212, 111057590, 111032327, 111057664, 111057605, 111032260, 111032287, 111032224, 111057669, 111032545, 111032298, 111032414, 111032398, 111032237, 111057675, 111057743, 111057725, 111032421, 111032411, 111057716, 111032173, 111032536, 111057739, 111032330, 111032338, 111032295, 111057674, 111032321, 111032521, 111032558, 111057726, 111032165, 111057740, 111032184, 111032391, 111032434, 111032158, 111057651, 111057709, 111032261, 111032285, 111057623, 111057625, 111057628, 111057742, 111057632, 111032270, 111032277, 111032189, 111057635, 111057624, 111032433, 111057741, 111032440, 111057637, 111032431, 111032429, 111032432, 111032271, 111032412, 111032402, 111032255, 111032259, 111032264, 111032266, 111057585, 111032208, 111032203, 111032231, 111057639, 111032430, 111032304, 111032326, 111032328, 111032371, 111032389, 111032175, 111057715, 111032407, 111057643, 111057633, 111032278, 111032233, 111032267, 111057728, 111032220, 111032286, 111032281, 111057631, 111032284, 111032269, 111032257, 111032288, 111057601, 111057627, 111057644, 111032274, 111057733, 111057735, 111057603, 111057729, 111057724, 111057610, 111032252, 111032258, 111057621, 111032403, 111032230, 111032249, 111032227, 111032206, 111032263, 111032217, 111032234, 111032223, 111057609, 111032413, 111032416, 111057599, 111057620, 111057614, 111032210, 111032408, 111057731, 111057589, 111032419, 111057602, 111057636, 111032215, 111032518, 111057736, 111057719, 111057708, 111032312, 111032547, 111032541, 111032360, 111057679, 111032169, 111057694, 111032538, 111057682, 111057688, 111032557, 111032517, 

Shuppin: 

2504, 551, 4030, 34, 4076, 4016, 23, 27, 39, 4080, 4061, 2532, 509, 4086, 516, 539, 535, 2502, 4095, 4022, 4011, 3066, 3051, 3042, 6113, 3047, 3039, 3414, 3014, 3001, 3028, 3005, 3072, 3057, 3019, 3007, 3022, 3024, 3044, 3406, 3003, 3405, 3408, 3053, 3402, 3043, 3403, 3046, 3052, 6111, 3401, 3017, 3060, 3407, 3413, 3415, 3056, 3002, 3012, 3068, 3004, 3048, 3009, 3025, 3054, 3058, 3020, 4079, 4074, 4099, 4082, 4032, 4105, 4122, 4026, 4057, 4117, 38, 4087, 4112, 4008, 36, 6103, 4107, 531, 4077, 4075, 4013, 4039, 4111, 4001, 523, 575, 4046, 4042, 4025, 33, 3, 5, 13, 4049, 1, 2529, 4006, 4106, 4084, 4037, 4065, 22, 537, 515, 549, 3067, 3034, 3032, 3036, 3027, 4020, 4031, 580, 582, 3412, 4045, 4115, 4113, 4100, 4044, 4123, 49, 52, 4102, 4108, 4053, 11, 4090, 4047, 4092, 4009, 4033, 4088, 4027, 4063, 538, 555, 518, 2520, 533, 529, 4078, 501, 4024, 4118, 524, 2511, 2535, 503, 1015, 1007, 564, 550, 2508, 568, 530, 522, 505, 6012, 31, 4003, 510, 557, 559, 567, 528, 536, 6014, 6021, 504, 540, 1001, 4121, 4071, 4103, 6011, 1006, 1008, 1004, 1005, 1012, 1010, 1009, 1003, 534, 6015, 566, 574, 10, 4104, 3533, 3505, 3550, 3537, 3553, 3073, 3504, 3524, 3071, 3410, 3409, 3031, 3010, 3404, 3520, 3517, 565, 563, 512, 2540, 2534, 1014, 514, 2515, 3055, 3543, 6109, 532, 2514, 544, 4098, 2538, 2541, 579, 572, 506, 508, 2542, 2503, 2501, 521, 2518, 502, 3558, 3562, 3501, 3566, 2531, 542, 3546, 4073, 4021, 19, 4101, 45, 9, 3554, 3502, 3018, 3050, 4055, 4109, 3065, 3511, 3541, 3030, 4114, 4091, 4012, 6020, 552, 32, 4120, 6125, 6022, 6106, 6016, 578, 2509, 4054, 6121, 4059, 4070, 4007, 4119, 4043, 4005, 6116, 6023, 25, 6122, 2521, 543, 3529, 17, 4097, 571, 3512, 3539, 3547, 3549, 3552, 6124, 3556, 3522, 3531, 2526, 3559, 3548, 3526, 6123, 6005, 3561, 3035, 3006, 3514, 3523, 6017, 6002, 3506, 3510, 3516, 3518, 3045, 3013, 3008, 3038, 3563, 3016, 4018, 4052, 4056, 519, 541, 2512, 577, 6009, 3567, 3557, 3532, 3040, 3519, 6025, 3026, 3540, 3535, 3555, 3538, 3521, 3508, 3542, 3061, 3551, 3568, 3527, 6112, 6117, 3063, 6108, 6013, 3070, 3503, 3509, 3545, 6003, 3037, 3411, 3033, 3011, 3515, 3023, 3041, 3029, 3069, 6018, 6101, 3059, 3544, 3074, 3015, 6010, 6110, 3049, 6104, 3062, 3560, 3021, 30, 6118, 581, 570, 4029, 4093, 4083, 507, 4124, 2505, 556, 4068, 44, 50, 6019, 2510, 
-------------------------------------------------------------
No Yor Image:
No issues
-------------------------------------------------------------
Additional Photos Show 'No Foto':
No issues
-------------------------------------------------------------
No Auction Sheet:
No issues
-------------------------------------------------------------
