#############################################################
JUSAITAMA Errors: 

Data Collection lasted for 8 minutes and 59.3 seconds.
Error checking completed within 0.0 seconds.
Finished checking on Tuesday, 09. April 2019 12:03AM 
#############################################################
No Main Image:
No issues
-------------------------------------------------------------
Japanese Characters:
111027444, 111041242, 111058440, 111027833, 111050919, 111027155, 111028540, 111027545, 111027368, 111027928, 111027634, 111027612, 111027254, 111027611, 111027104, 111028026, 111028416, 111028509, 111028510, 111028743, 111028729, 111041345, 111028501, 111027703, 111041181, 111059640, 111050856, 111027191, 111041262, 111056550, 111027462, 111027553, 111027063, 111041283, 111041308, 111027588, 111041333, 111027432, 111041222, 111027679, 111027747, 111027325, 111028555, 111041406, 111028503, 111028841, 111058391, 111028842, 111050834, 111027415, 111028047, 111028061, 111027395, 111028610, 111027710, 111027627, 111027868, 111027864, 111050903, 111028060, 111027732, 111027830, 111058451, 111028787, 111027475, 111027479, 111027547, 111041291, 111027554, 111027227, 111041371, 111028214, 111027194, 111027724, 111041343, 111028469, 111027560, 111041273, 111027850, 111027469, 111027698, 111028554, 111027910, 111027112, 

Shuppin: 

2603, 3685, 8994, 4533, 8975, 1574, 8670, 3048, 2534, 6046, 3534, 3514, 2029, 3513, 1528, 6143, 8547, 8639, 8640, 8871, 8857, 5505, 8631, 3597, 2060, 6203, 3695, 172, 419, 536, 273, 310, 140, 440, 456, 342, 481, 2592, 3665, 3575, 3636, 245, 8685, 8959, 8633, 9714, 1619, 9715, 1608, 2577, 6164, 6178, 2559, 8739, 3602, 3528, 5712, 5708, 6201, 6177, 3622, 4530, 9013, 8914, 285, 289, 305, 448, 311, 2004, 6195, 8116, 175, 3615, 491, 86, 317, 430, 55, 28, 3592, 8684, 6028, 1535, 
-------------------------------------------------------------
Unknown Year/Make/Model:
111027129, 111027929, 111028589, 111041369, 111027812, 

Shuppin: 

1550, 6047, 8718, 6193, 4512, 
-------------------------------------------------------------
Unknown Chassis Prefix:
No issues
-------------------------------------------------------------
No Transmission/Color/Fuel Type:
111027129, 111027929, 111041369, 111027812, 

Shuppin: 

1550, 6047, 6193, 4512, 
-------------------------------------------------------------
No Equipment:
No issues
-------------------------------------------------------------
Missing Yor:
No issues
-------------------------------------------------------------
No Yor Image:
No issues
-------------------------------------------------------------
Additional Photos Show 'No Foto':
No issues
-------------------------------------------------------------
No Auction Sheet:
No issues
-------------------------------------------------------------
