#############################################################
TAA KINKI Errors: 

Data Collection lasted for 10 minutes and 12.2 seconds.
Error checking completed within 0.0 seconds.
Finished checking on Monday, 08. April 2019 11:34PM 
#############################################################
No Main Image:
No issues
-------------------------------------------------------------
Japanese Characters:
111016508, 111061285, 111051258, 111051263, 111016499, 111023605, 111051264, 111061284, 110987250, 111051209, 111031143, 111051261, 111023606, 111016471, 111051441, 110987134, 111051517, 110987433, 111051119, 111030922, 111051116, 111016341, 111051252, 111051217, 111051207, 111016651, 110987490, 111051269, 111015758, 110987037, 111030946, 111030971, 111051059, 111031125, 110987445, 111061368, 111016482, 111051249, 111016488, 111061280, 111016789, 111051488, 111061363, 111051347, 110987466, 111016321, 111031287, 111051136, 111023014, 111051173, 111016147, 111031111, 111015744, 111031090, 111016047, 111016061, 111016771, 111023032, 111031553, 111016783, 111051131, 111030894, 111031506, 110987579, 111051096, 111015691, 111016169, 110986975, 111023017, 111015846, 110987316, 110986930, 111016816, 111015650, 111031527, 111031074, 111016269, 111031001, 110987080, 111016014, 111015854, 111016167, 111051509, 111051130, 110987071, 110986916, 

Shuppin: 

5032, 5077, 5064, 5071, 5026, 5014, 5072, 5076, 5017, 5007, 5015, 5069, 5042, 5019, 75158, 4002, 7620, 70023, 282, 2450, 272, 4804, 50348, 50298, 4831, 7048, 7069, 532, 2207, 2308, 2476, 2519, 2500, 4821, 7008, 7680, 5022, 50345, 50226, 50366, 75030, 7588, 7672, 685, 7034, 461, 673, 327, 499, 340, 3380, 4148, 2193, 412, 3140, 3160, 7423, 7446, 7545, 75, 323, 2153, 75109, 7329, 2564, 2034, 359, 2182, 50237, 2363, 558, 2135, 87, 147, 75130, 4067, 4118, 3226, 3036, 3110, 2371, 357, 7610, 3224, 3026, 2121, 
-------------------------------------------------------------
Unknown Year/Make/Model:
111031221, 111031090, 111016626, 111015806, 

Shuppin: 

610, 412, 64501, 2323, 
-------------------------------------------------------------
Unknown Chassis Prefix:
No issues
-------------------------------------------------------------
No Transmission/Color/Fuel Type:
111031221, 111031090, 111016626, 111016623, 111015806, 111061296, 

Shuppin: 

610, 412, 64501, 64001, 2323, 62204, 
-------------------------------------------------------------
No Equipment:
No issues
-------------------------------------------------------------
Missing Yor:
No issues
-------------------------------------------------------------
No Yor Image:
No issues
-------------------------------------------------------------
Additional Photos Show 'No Foto':
No issues
-------------------------------------------------------------
No Auction Sheet:
No issues
-------------------------------------------------------------
