#############################################################
AucNet AucMon Errors: 

Data Collection lasted for 12 minutes and 20.2 seconds.
Error checking completed within 0.1 seconds.
Finished checking on Monday, 27. May 2019 08:40AM 
#############################################################

No Main Image:
No issues
-------------------------------------------------------------
Japanese Characters:
111949681, 111953288, 111953290, 111953037, 111953001, 111953665, 111953647, 111953771, 111947562, 111953696, 111953667, 111953612, 111953621, 111947548, 111953688, 111953658, 111953650, 111953669, 111949690, 111953230, 111949536, 111953640, 111953598, 111949655, 111953537, 111953344, 111953693, 111953430, 111953644, 111949650, 111953611, 111949627, 111953063, 111949569, 111949679, 111953375, 111954159, 111954162, 111954273, 111954145, 111953620, 111953673, 111949541, 111953646, 111953604, 111953603, 111953209, 111954143, 

Shuppin: 

12948, 18105, 18107, 10045, 10003, 21046, 21027, 26015, 11358, 21079, 21048, 20504, 20513, 10808, 21071, 21038, 21030, 21050, 13128, 18038, 10598, 21020, 19290, 12498, 19229, 19035, 21076, 19121, 21024, 12448, 20503, 12138, 10526, 11118, 12928, 19066, 30058, 30061, 35024, 30043, 20512, 21054, 10648, 21026, 20002, 20001, 18017, 30040, 
-------------------------------------------------------------
Unknown Year/Make/Model:
111954122, 111954260, 111954152, 111954157, 111954165, 111954243, 111974131, 111949531, 111949681, 111953288, 111953285, 111953631, 111960056, 111953001, 111953019, 111953667, 111953623, 111953636, 111953686, 111949700, 111949670, 111953683, 111953619, 111953692, 111953688, 111949693, 111953685, 111953671, 111949512, 111953648, 111953678, 111949623, 111953650, 111953613, 111949672, 111953684, 111953694, 111953669, 111949503, 111953264, 111953682, 111947600, 111953253, 111953027, 111953069, 111954247, 111954150, 111954118, 111953864, 111953902, 111954281, 111954114, 111953639, 111953649, 111953660, 111953151, 111954263, 111954238, 111953115, 111954129, 111954153, 111954158, 111954154, 111954164, 111954156, 111954167, 111954159, 111954166, 111954160, 111954151, 111954162, 111954287, 111959920, 111954407, 111954387, 111954393, 111954401, 111954219, 111954149, 111954246, 111954399, 111954377, 111954383, 111954395, 111953054, 111954384, 111954394, 111954410, 111954390, 111954396, 111954403, 111954170, 111967247, 111954111, 111954392, 111954119, 111954115, 111954274, 111954312, 111954314, 111954412, 111954184, 111954323, 111954351, 111954321, 111954330, 111954306, 111954305, 111954296, 111954311, 111954292, 111954300, 111954301, 111954303, 111954320, 111954271, 111954346, 111954339, 111954178, 111954181, 111954185, 111954188, 111954411, 111954278, 111954380, 111954348, 111959928, 111954328, 111954307, 111954293, 111954313, 111954250, 111954112, 111954315, 111954372, 111954285, 111954370, 111954329, 111954316, 111954368, 111954354, 111954336, 111954406, 111954373, 111954137, 111954363, 111954352, 111954355, 111954376, 111954325, 111954327, 111954272, 111954364, 111954236, 111954270, 111954273, 111954283, 111954347, 111954295, 111954297, 111954299, 111954324, 111954345, 111959929, 111954205, 111954402, 111954179, 111954353, 111954356, 111972112, 111954215, 111954142, 111954155, 111954374, 111954147, 111954310, 111954133, 111954128, 111954375, 111954308, 111954302, 111954326, 111954309, 111954318, 111954319, 111954349, 111954136, 111954362, 111954268, 111954235, 111954251, 111954113, 111967249, 111954237, 111954227, 111954404, 111954252, 111954126, 111954218, 111954216, 111954140, 111954253, 111954226, 111954397, 111954131, 111954229, 111954204, 111954177, 111954198, 111954231, 111954228, 111953093, 111954200, 111954194, 111954214, 111954169, 111954212, 111954195, 111954145, 111954110, 111949802, 111954222, 111954217, 111954202, 111954210, 111954213, 111954206, 111954201, 111954207, 111954196, 111954117, 111954234, 111967248, 111954203, 111954221, 111954209, 111954163, 111954171, 111954230, 111959915, 111954220, 111954249, 111954289, 111954211, 111954244, 111954144, 111954135, 111954208, 111954232, 111954199, 111954258, 111954240, 111954239, 111954161, 111954269, 111954266, 111954304, 111954298, 111954294, 111954193, 111954191, 111954187, 111954197, 111954192, 111959921, 111954335, 111954333, 111954342, 111954182, 111954134, 111954360, 111954359, 111954334, 111954357, 111954331, 111954338, 111954367, 111954343, 111954358, 111954138, 111954365, 111954366, 111954341, 111954344, 111954340, 111954121, 111954361, 111954369, 111954350, 111954245, 111954337, 111954132, 111954183, 111954139, 111953051, 111954332, 111954190, 111954189, 111954180, 111954124, 111954141, 111954148, 111959922, 111954146, 111954125, 111954173, 111954127, 111954241, 111954123, 111959917, 111959927, 111959924, 111959925, 111959918, 111954409, 111954379, 111954233, 111959926, 111954242, 111953092, 111954389, 111959923, 111954130, 111959914, 111954391, 111954116, 111954288, 111954168, 111954186, 111947551, 111949500, 111959919, 111954322, 111954248, 111954172, 111954120, 111959916, 111954143, 111953227, 111949584, 

Shuppin: 

30013, 35011, 30051, 30056, 30064, 34002, 34007, 10498, 12948, 18105, 18102, 21010, 18056, 10003, 10023, 21048, 21002, 21015, 21069, 13308, 12778, 21066, 20511, 21075, 21071, 13168, 21068, 21052, 10208, 21028, 21060, 12098, 21030, 20505, 12798, 21067, 21077, 21050, 10088, 18080, 21065, 12648, 18069, 10034, 11005, 34006, 30049, 30009, 29049, 29087, 35032, 30005, 21018, 21029, 21040, 15008, 35014, 33005, 12002, 30024, 30052, 30057, 30053, 30063, 30055, 30066, 30058, 30065, 30059, 30050, 30061, 35052, 30030, 37031, 37011, 37017, 37025, 31004, 30048, 34005, 37023, 37001, 37007, 37019, 10515, 37008, 37018, 37034, 37014, 37020, 37027, 30069, 30070, 30002, 37016, 30010, 30006, 35025, 36021, 36023, 37036, 30084, 36032, 36501, 36030, 36039, 36015, 36014, 36005, 36020, 36001, 36009, 36010, 36012, 36029, 35022, 36055, 36048, 30078, 30081, 30085, 30088, 37035, 35029, 37004, 36057, 32007, 36037, 36016, 36002, 36022, 34010, 30003, 36024, 36522, 35041, 36520, 36038, 36025, 36518, 36504, 36045, 37030, 36523, 30034, 36513, 36502, 36505, 36526, 36034, 36036, 35023, 36514, 33003, 35021, 35024, 35034, 36056, 36004, 36006, 36008, 36033, 36054, 33011, 30508, 37026, 30079, 36503, 36506, 35001, 30518, 30039, 30054, 36524, 30045, 36019, 30029, 30023, 36525, 36017, 36011, 36035, 36018, 36027, 36028, 36058, 30033, 36512, 35019, 33002, 34011, 30004, 33010, 33004, 32011, 37028, 35002, 30018, 31003, 31001, 30037, 35003, 32010, 37021, 30026, 32013, 30507, 30077, 30501, 32015, 32012, 11032, 30503, 30094, 30517, 30068, 30515, 30095, 30043, 30001, 3348, 31007, 31002, 30505, 30513, 30516, 30509, 30504, 30510, 30096, 30008, 33001, 33009, 30506, 31006, 30512, 30062, 30071, 32014, 30014, 31005, 34009, 35054, 30514, 34003, 30042, 30032, 30511, 32016, 30502, 35009, 33007, 33006, 30060, 35020, 35017, 36013, 36007, 36003, 30093, 30091, 30087, 30097, 30092, 30041, 36044, 36042, 36051, 30082, 30031, 36510, 36509, 36043, 36507, 36040, 36047, 36517, 36052, 36508, 30035, 36515, 36516, 36050, 36053, 36049, 30012, 36511, 36519, 36059, 34004, 36046, 30028, 30083, 30036, 10512, 36041, 30090, 30089, 30080, 30016, 30038, 30047, 30046, 30044, 30017, 30073, 30021, 33008, 30015, 30020, 32005, 32002, 32003, 30022, 37033, 37003, 32017, 32004, 34001, 11031, 37013, 32001, 30025, 10505, 37015, 30007, 35053, 30067, 30086, 10928, 10038, 30027, 36031, 34008, 30072, 30011, 30019, 30040, 18035, 11388, 
-------------------------------------------------------------
Unknown Chassis Prefix:
No issues
-------------------------------------------------------------
No Transmission/Color/Fuel Type:
111954243, 111974131, 111949531, 111960057, 111960058, 111960060, 111953631, 111960056, 111953019, 111953668, 111960065, 111953682, 111947600, 111953253, 111974129, 111953069, 111954247, 111960053, 111953151, 111960061, 111960063, 111954325, 111972112, 111954375, 111954308, 111954302, 111954326, 111954309, 111954362, 111967249, 111954140, 111954397, 111967248, 111954197, 111959921, 111954148, 111954123, 111959925, 111947551, 

Shuppin: 

34002, 34007, 10498, 18057, 18058, 18061, 21010, 18056, 10023, 21049, 35046, 21065, 12648, 18069, 16016, 11005, 34006, 16017, 15008, 18062, 35039, 36034, 35001, 36525, 36017, 36011, 36035, 36018, 36512, 33010, 30037, 37021, 33009, 30097, 30041, 30047, 30015, 32003, 10928, 
-------------------------------------------------------------
No Equipment:
No issues
-------------------------------------------------------------
Additional Photos Show 'No Foto':
No issues
-------------------------------------------------------------
No Auction Sheet:
No issues
-------------------------------------------------------------
