#############################################################
ARAI VAN TRUCK Errors: 

Data Collection lasted for 61 minutes and 6.7 seconds.
Error checking completed within 3 minutes and 38.1 seconds.
Finished checking on Saturday, 09. March 2019 12:59AM 
#############################################################
Japanese Characters:
No issues
-------------------------------------------------------------
Unknown Year/Make/Model:
110284154,
110326090,
110284174,
110284177,
110284176,
110305443,
110303452,
110326092,
110326158,
110305953,
110291986,
110303365,
110332943,
110325770,
110333088,
110305155,
110326441,
110292025,
110291999,
110325975,
110303647,
110326161,
110325901,
110305335,
110291780,
110318049,
110303485,
110325913,
110303510,
110325967,
110291970,
110305387,
110292000,
110325771,
110317978,
110305346,
110326067,
110303643,
110291983,
110326249,
110326097,
110326212,
110292130,
110325350,
110291987,
110318015,
110303544,
110326045,
110332946,
110303550,
110325979,
110303444,
110325507,
110325549,
110332960,
110333099,
110325644,
110325774,
110303581,
110303642,
110333096,
110333083,
110291885,
110305188,
-------------------------------------------------------------
Unknown Chassis Prefix:
110292112,
110333476,
110303581,
110303642,
-------------------------------------------------------------
No Transmission/Color/Fuel Type:
110325546,
110305403,
110307534,
110305246,
110332793,
110332793,
110317921,
110325872,
110326090,
110284174,
110284177,
110284176,
110284160,
110305443,
110326092,
110326158,
110284152,
110326151,
110318082,
110305433,
110303561,
110326114,
110326580,
110305953,
110291986,
110303365,
110326225,
110305490,
110292052,
110332943,
110303487,
110303548,
110303478,
110305564,
110303525,
110325942,
110325972,
110325973,
110303488,
110303521,
110303579,
110292084,
110305155,
110326262,
110326441,
110292025,
110291999,
110303554,
110325975,
110305468,
110326209,
110292051,
110305241,
110325408,
110318066,
110317952,
110305581,
110326161,
110318135,
110325629,
110305445,
110303577,
110326047,
110305378,
110317971,
110291814,
110325695,
110291828,
110303424,
110291995,
110325401,
110332829,
110303576,
110326012,
110291767,
110291876,
110325871,
110303578,
110303574,
110325901,
110305420,
110326232,
110317962,
110317984,
110326059,
110325928,
110305422,
110305335,
110326038,
110332885,
110291780,
110318012,
110326122,
110325990,
110318049,
110326589,
110292076,
110326266,
110292038,
110303485,
110303648,
110325861,
110325379,
110305527,
110318052,
110303510,
110325967,
110317990,
110325987,
110326113,
110291970,
110305387,
110292103,
110292126,
110292000,
110325771,
110326228,
110305574,
110317978,
110326175,
110305368,
110326574,
110325820,
110318009,
110333090,
110292072,
110292015,
110317989,
110305346,
110325986,
110305333,
110305938,
110318084,
110326060,
110318018,
110318058,
110292096,
110305287,
110325855,
110318038,
110305301,
110305462,
110326067,
110303643,
110291983,
110303559,
110317954,
110326249,
110326097,
110326212,
110292130,
110325350,
110318138,
110326100,
110292024,
110303542,
110291987,
110292049,
110318015,
110303544,
110305951,
110326198,
110326045,
110305502,
110332946,
110303514,
110326366,
110325508,
110297914,
110325595,
110305616,
110284134,
110326213,
110291823,
110332951,
110325821,
110317958,
110317999,
110284183,
110305575,
110305453,
110305626,
110305455,
110305463,
110284120,
110305274,
110292136,
110292028,
110325507,
110325612,
110333032,
110305187,
110291921,
110333000,
110325549,
110333031,
110325518,
110332999,
110333035,
110332960,
110333099,
110326617,
110332993,
110325416,
110326082,
110325966,
110305489,
110325816,
110305359,
110303445,
110317946,
110325960,
110303443,
110326559,
110305469,
110305299,
110325845,
110326002,
110305308,
110325831,
110305471,
110303556,
110326257,
110326207,
110332058,
110326296,
110317909,
110325848,
110325644,
110325774,
110305222,
110325493,
110326385,
110332053,
110292112,
110333476,
110303581,
110303642,
110333009,
110326565,
110305219,
110333096,
110325630,
110333083,
110291885,
110318146,
110325417,
110317923,
110326473,
110326406,
110326462,
110305606,
110326429,
-------------------------------------------------------------
No Equipment:
No issues
-------------------------------------------------------------
Missing Yor:
No issues
-------------------------------------------------------------
No Yor Image:
110332056,
110332836,
110333087,
110326441,
110329158,
110291999,
110305233,
110332844,
110332784,
110332907,
110332821,
110332881,
110292128,
110332884,
110326140,
110305619,
110292033,
110332946,
110297914,
110333012,
110333076,
110325574,
110332970,
110332959,
110332992,
110333045,
110333084,
110333027,
110325518,
110333080,
110329154,
110325512,
110332974,
110333092,
110333029,
110333099,
110333098,
110332977,
110329152,
110333074,
110284195,
110292112,
110333476,
110333083,
110326473,
110326406,
110326462,
110305606,
-------------------------------------------------------------
