#############################################################
USS Yokohama Errors: 

Data Collection lasted for 15 minutes and 28.6 seconds.
Error checking completed within 0.1 seconds.
Finished checking on Tuesday, 24. September 2019 07:07AM 
#############################################################

No Main Image:
No issues
-------------------------------------------------------------
Japanese Characters:
No issues
-------------------------------------------------------------
Unknown Year/Make/Model:
114241857, 114239258, 114239328, 114239338, 114265633, 

Shuppin: 

84107, 84075, 84108, 84127, 82164, 
-------------------------------------------------------------
Unknown Chassis Prefix:
114238965, 114248156, 114251637, 114241901, 114244927, 114239097, 114239428, 114257789, 114239506, 114257731, 114239350, 114239503, 114239386, 114239477, 114239345, 114251665, 114239396, 114239242, 114238907, 114239379, 114239328, 114241785, 114239427, 114239424, 114257782, 114239224, 114257576, 114239425, 114239374, 114239310, 114239230, 114241900, 114251670, 114239234, 

Shuppin: 

70128, 84193, 80114, 86082, 86176, 80050, 86086, 86268, 86215, 86219, 84147, 86210, 86019, 86166, 84139, 86243, 86032, 84053, 70029, 86004, 84108, 80018, 86085, 86078, 86260, 84028, 62141, 86080, 84187, 84079, 84036, 86079, 86252, 84042, 
-------------------------------------------------------------
No Transmission/Color/Fuel Type:
114241857, 114239165, 114260345, 114241720, 114238965, 114248156, 114251637, 114241901, 114244927, 114239097, 114239428, 114257789, 114239506, 114257731, 114239350, 114239503, 114239386, 114239477, 114239345, 114251665, 114239396, 114239242, 114238907, 114239379, 114239328, 114241785, 114239427, 114239424, 114257782, 114239224, 114257576, 114239425, 114239374, 114239310, 114239230, 114241900, 114251670, 114239234, 114246772, 

Shuppin: 

84107, 82061, 423, 64267, 70128, 84193, 80114, 86082, 86176, 80050, 86086, 86268, 86215, 86219, 84147, 86210, 86019, 86166, 84139, 86243, 86032, 84053, 70029, 86004, 84108, 80018, 86085, 86078, 86260, 84028, 62141, 86080, 84187, 84079, 84036, 86079, 86252, 84042, 20367, 
-------------------------------------------------------------
No Equipment:
No issues
-------------------------------------------------------------
Additional Photos Show 'No Foto':
No issues
-------------------------------------------------------------
No Auction Sheet:
No issues
-------------------------------------------------------------
