#############################################################
AUCNET AUCMON Errors: 

Data Collection lasted for 15 minutes and 1.5 seconds.
Error checking completed within 0.1 seconds.
Finished checking on Monday, 25. March 2019 04:21PM 
#############################################################
No Foto On Main Image:
No issues
-------------------------------------------------------------
Japanese Characters:
No issues
-------------------------------------------------------------
Unknown Year/Make/Model:
No issues
-------------------------------------------------------------
Unknown Chassis Prefix:
No issues
-------------------------------------------------------------
No Transmission/Color/Fuel Type:
No issues
-------------------------------------------------------------
No Equipment:
No issues
-------------------------------------------------------------
Missing Yor:
110675428, 110675460, 110675436, 110671824, 110675447, 110675444, 110675443, 110675448, 110675458, 110675459, 110675425, 110675449, 110675442, 110674232, 110674251, 110674219, 110674299, 110674296, 110674229, 110671793, 110675434, 110675450, 110675440, 110674396, 110674352, 110673085, 110674452, 110674278, 110674394, 110674358, 110671774, 110671768, 110674384, 110674269, 110671830, 110671835, 110674305, 110674339, 110674242, 110674243, 110674246, 110674392, 110674364, 110671770, 110674391, 110674313, 110674388, 110674357, 110671758, 110680223, 110674218, 110674439, 110671792, 110683831, 110674393, 110674395, 110671724, 110683815, 110683833, 110683818, 110674441, 110680215, 110674354, 110675451, 110675441, 110683807, 110675457, 110675455, 110675429, 110675437, 110671751, 110671783, 110675452, 110675439, 110637999, 110675454, 110675430, 110675435, 110675433, 110675445, 110675438, 110671807, 110675427, 110675431, 110671822, 110675446, 110675426, 110675456, 110674373, 110671779, 110674445, 110674386, 110683810, 110683837, 110674369, 110683838, 110683817, 110683819, 110683828, 110683824, 110683826, 110674447, 110674446, 110683820, 110674365, 110674380, 110674273, 110674328, 110674285, 110671795, 110683839, 110674407, 110671831, 110671805, 110674374, 110674414, 110683836, 110674413, 110674370, 110674390, 110674298, 110674353, 110674454, 110671761, 110674401, 110674281, 110671737, 110671815, 110674402, 110674371, 110683814, 110674433, 110674348, 110683812, 110683841, 110675432, 110674345, 110675453, 110674463, 110671771, 110674271, 110674223, 110674429, 110671701, 110674234, 110674443, 110671734, 110674475, 110683825, 110674372, 110674420, 110684014, 110675424, 110674381, 110671790, 110683822, 110674444, 110674226, 110674464, 110671808, 110674222, 110674482, 110674474, 110674471, 110671775, 110674334, 110674478, 110674473, 110671828, 110671766, 110674470, 110674225, 110674467, 110674300, 110674466, 110674469, 110674292, 110671754, 110674283, 110674282, 110671833, 110674272, 110674260, 110674315, 110673087, 110680220, 110674256, 110674259, 110674266, 110673238, 110674290, 110680222, 110680221, 110674257, 110674262, 110674263, 110674261, 110680217, 110680216, 110673167, 

Shuppin: 

30048, 37005, 30088, 13938, 32011, 32008, 32007, 32012, 35027, 37004, 30012, 32013, 32005, 30021, 30041, 30003, 32004, 32001, 30018, 12948, 30076, 32014, 30504, 36069, 36009, 11017, 36532, 30078, 36067, 36015, 12358, 12038, 36055, 30065, 14098, 14188, 33002, 35025, 30031, 30032, 30035, 36065, 36033, 12138, 36064, 34003, 36061, 36014, 11848, 33010, 30002, 36513, 12938, 36103, 36066, 36068, 10828, 36026, 36105, 36029, 36515, 30006, 36011, 33003, 31003, 30075, 35026, 35018, 30049, 30501, 11678, 12628, 33006, 30503, 28011, 35017, 30050, 30083, 30067, 32009, 30502, 13418, 30046, 30061, 13828, 32010, 30040, 35020, 36044, 12518, 36519, 36059, 36021, 36527, 36040, 36528, 36028, 36031, 36093, 36077, 36079, 36521, 36520, 36032, 36036, 36051, 30071, 35011, 30086, 12998, 36529, 36085, 14108, 13318, 36045, 36092, 36526, 36091, 36041, 36063, 32003, 36010, 36534, 11908, 36074, 30081, 11238, 13588, 36075, 36042, 36025, 36506, 36005, 36023, 36531, 30066, 36002, 34004, 37006, 12178, 30069, 30009, 36502, 10088, 30023, 36517, 11098, 37020, 36078, 36043, 36100, 39002, 12007, 36052, 12918, 36058, 36518, 30014, 37007, 13428, 30007, 37027, 37019, 37016, 12408, 35019, 37023, 37018, 14058, 11998, 37015, 30011, 37010, 32006, 37009, 37014, 31004, 11758, 30084, 30082, 14138, 30070, 30054, 34006, 11020, 33007, 30047, 30053, 30060, 13678, 31001, 33009, 33008, 30051, 30056, 30057, 30055, 30013, 30008, 12006, 
-------------------------------------------------------------
No Yor Image:
No issues
-------------------------------------------------------------
Additional Photos Show 'No Foto':
No issues
-------------------------------------------------------------
No Auction Sheet:
110671824, 110671793, 110671774, 110671768, 110671830, 110671835, 110671770, 110671758, 110671792, 110671724, 110671751, 110671783, 110637999, 110671807, 110671822, 110671779, 110671795, 110671831, 110671805, 110671761, 110671737, 110671815, 110671771, 110671701, 110671734, 110671790, 110671808, 110671775, 110671828, 110671766, 110671754, 110671833, 110673238, 

Shuppin: 

13938, 12948, 12358, 12038, 14098, 14188, 12138, 11848, 12938, 10828, 11678, 12628, 28011, 13418, 13828, 12518, 12998, 14108, 13318, 11908, 11238, 13588, 12178, 10088, 11098, 12918, 13428, 12408, 14058, 11998, 11758, 14138, 13678, 
-------------------------------------------------------------
