#############################################################
TAA HIROSHIMA Errors: 

Data Collection lasted for 17 minutes and 3.2 seconds.
Error checking completed within 26 minutes and 26.5 seconds.
Finished checking on Monday, 25. March 2019 05:47PM 
#############################################################
No Foto On Main Image:
110717140, 

Shuppin: 

4679, 
-------------------------------------------------------------
Japanese Characters:
No issues
-------------------------------------------------------------
Unknown Year/Make/Model:
No issues
-------------------------------------------------------------
Unknown Chassis Prefix:
No issues
-------------------------------------------------------------
No Transmission/Color/Fuel Type:
110638522, 

Shuppin: 

62016, 
-------------------------------------------------------------
No Equipment:
No issues
-------------------------------------------------------------
Missing Yor:
No issues
-------------------------------------------------------------
No Yor Image:
110714601, 110714602, 110714600, 110714551, 110714515, 110714541, 110717062, 110717032, 110717122, 110717096, 110714535, 110717010, 110717075, 110717024, 110717044, 110717007, 110714432, 110717055, 110714443, 110714439, 110714445, 110714481, 110717084, 110717017, 110717138, 110717140, 110714594, 110714518, 110717109, 110717149, 110714538, 110714476, 110714472, 110714441, 110714453, 110714427, 110717079, 110717094, 110714611, 110716989, 110717028, 110716980, 110717026, 110716986, 110714440, 110717042, 110717111, 110717080, 110717059, 110717128, 110714531, 110717104, 110717103, 110717083, 110717106, 110717014, 110716356, 110717139, 110714457, 110714434, 110714464, 110717146, 110714577, 110717145, 110717132, 110714533, 110714610, 110717005, 110714615, 110714563, 110714458, 110714455, 110714479, 110714480, 110714513, 110714487, 110714493, 110714554, 110714525, 110714498, 110714584, 110714488, 110717013, 110717012, 110714581, 110714575, 110717054, 110714454, 110714475, 110717029, 110714517, 110717000, 110717001, 110717003, 110717004, 110716975, 110717129, 110717016, 110717087, 110717091, 110717035, 110717034, 110717033, 110716983, 110717043, 110717009, 110716993, 110717051, 110717130, 110717095, 110714428, 110717152, 110714553, 110714506, 110717072, 110714576, 110714588, 110714490, 110716985, 110716990, 110714486, 110714508, 110717099, 110714530, 110714503, 110717098, 

Shuppin: 

5025, 5026, 5023, 4495, 4291, 4482, 439, 385, 4635, 4591, 4474, 255, 4552, 376, 397, 251, 20, 413, 2097, 2076, 2099, 245, 4574, 368, 4666, 4679, 4546, 4411, 4620, 6911, 4477, 237, 233, 2092, 2108, 10007, 4564, 4589, 6909, 2123, 380, 2075, 378, 2120, 2083, 395, 4622, 4565, 435, 4646, 4470, 4606, 4605, 4573, 4617, 3321, 5028, 4677, 2112, 201, 224, 63529, 4526, 63528, 4652, 4472, 6908, 2152, 76, 4512, 2113, 2110, 242, 244, 365, 3019, 3118, 4502, 4464, 3258, 4534, 3032, 3302, 3045, 4531, 4524, 411, 2109, 236, 382, 44, 2139, 2140, 2145, 2146, 10010, 4647, 366, 4578, 4585, 388, 387, 386, 2117, 396, 253, 2130, 408, 4649, 4590, 10008, 83, 4501, 3266, 4549, 4525, 4538, 3039, 212, 2125, 3018, 3268, 4596, 4469, 3263, 4593, 
-------------------------------------------------------------
Additional Photos Show 'No Foto':
110717140, 

Shuppin: 

4679, 
-------------------------------------------------------------
No Auction Sheet:
No issues
-------------------------------------------------------------
