#############################################################
USS Nagoya Errors: 

Data Collection lasted for 33 minutes and 21.4 seconds.
Error checking completed within 0.1 seconds.
Finished checking on Friday, 06. September 2019 07:17AM 
#############################################################

No Main Image:
No issues
-------------------------------------------------------------
Japanese Characters:
No issues
-------------------------------------------------------------
Unknown Year/Make/Model:
113895276, 113891284, 113889200, 113895122, 113896113, 113901829, 

Shuppin: 

20466, 20103, 25041, 20307, 58237, 20718, 
-------------------------------------------------------------
Unknown Chassis Prefix:
113901728, 113894978, 113889200, 113885365, 113896805, 113895301, 113894537, 113907521, 113891246, 113901738, 113894976, 113896110, 113900725, 113896818, 113901731, 113901986, 113895211, 113897993, 113895159, 113892114, 113895343, 113895253, 113897204, 113895079, 113895118, 113895212, 113894908, 113894981, 113896128, 113895078, 113895122, 113896113, 113905706, 113895282, 113907518, 113896816, 113892211, 113907513, 113907517, 113901722, 113901723, 113895363, 113895387, 113894975, 113895198, 113892070, 113901802, 113895271, 113901806, 113892045, 113894979, 113907536, 113891247, 113892183, 113897238, 113907681, 113891245, 113895681, 113895228, 113892084, 113895169, 113894986, 113885369, 113901831, 113901732, 113894909, 113895075, 113895291, 113892127, 113901969, 113896817, 113894897, 113907512, 113900715, 113892057, 113901972, 113901729, 113892196, 113901829, 113892063, 113895255, 113895389, 113895375, 113894636, 113895089, 113895037, 113892068, 113892171, 113901792, 113895272, 113895491, 113901733, 113895361, 113894977, 113895127, 113896091, 113901730, 

Shuppin: 

20600, 20160, 25041, 25002, 11249, 20493, 11111, 25103, 20039, 20613, 20158, 58229, 11247, 20526, 20603, 58368, 20398, 20532, 20345, 58172, 20545, 20443, 43001, 20263, 20303, 20399, 20041, 20163, 58279, 20262, 20307, 58237, 20726, 20472, 20751, 20517, 58319, 20746, 20750, 20523, 20525, 20565, 20610, 20157, 20385, 58106, 20691, 20461, 20695, 58062, 20161, 35182, 20044, 58278, 58343, 58413, 20038, 40235, 20417, 58128, 20355, 20169, 25006, 20720, 20604, 20042, 20259, 20481, 58190, 58344, 20522, 20013, 20745, 11237, 58084, 58352, 20601, 58298, 20718, 58095, 20445, 20618, 20577, 11215, 20273, 20221, 58102, 58260, 20681, 20462, 35099, 20605, 20563, 20159, 20312, 58169, 20602, 
-------------------------------------------------------------
No Transmission/Color/Fuel Type:
113901799, 113892050, 113892055, 113895227, 113895333, 113894911, 113892076, 113907600, 113900808, 113885397, 113901134, 113895219, 113907601, 113895298, 113895276, 113894851, 113901728, 113894978, 113889200, 113885365, 113896805, 113895301, 113894537, 113907521, 113891246, 113901738, 113894976, 113896110, 113900725, 113896818, 113901731, 113901986, 113895211, 113897993, 113895159, 113892114, 113895343, 113895253, 113897204, 113895079, 113895118, 113895212, 113894908, 113894981, 113896128, 113895078, 113895122, 113896113, 113905706, 113895282, 113907518, 113896816, 113892211, 113907513, 113907517, 113901722, 113901723, 113895363, 113895387, 113894975, 113895198, 113892070, 113901802, 113895271, 113901806, 113892045, 113894979, 113907536, 113891247, 113892183, 113897238, 113907681, 113891245, 113895681, 113895228, 113892084, 113895169, 113894986, 113885369, 113901831, 113901732, 113894909, 113895075, 113895291, 113892127, 113901969, 113896817, 113894897, 113907512, 113900715, 113892057, 113901972, 113901729, 113892196, 113901829, 113892063, 113895255, 113895389, 113895375, 113894636, 113895089, 113895037, 113892068, 113892171, 113901792, 113895272, 113895491, 113901733, 113895361, 113894977, 113895127, 113896091, 113901730, 113891826, 

Shuppin: 

20688, 58071, 58080, 20416, 20535, 20046, 58115, 43008, 35131, 25066, 60376, 20408, 43009, 20489, 20466, 15032, 20600, 20160, 25041, 25002, 11249, 20493, 11111, 25103, 20039, 20613, 20158, 58229, 11247, 20526, 20603, 58368, 20398, 20532, 20345, 58172, 20545, 20443, 43001, 20263, 20303, 20399, 20041, 20163, 58279, 20262, 20307, 58237, 20726, 20472, 20751, 20517, 58319, 20746, 20750, 20523, 20525, 20565, 20610, 20157, 20385, 58106, 20691, 20461, 20695, 58062, 20161, 35182, 20044, 58278, 58343, 58413, 20038, 40235, 20417, 58128, 20355, 20169, 25006, 20720, 20604, 20042, 20259, 20481, 58190, 58344, 20522, 20013, 20745, 11237, 58084, 58352, 20601, 58298, 20718, 58095, 20445, 20618, 20577, 11215, 20273, 20221, 58102, 58260, 20681, 20462, 35099, 20605, 20563, 20159, 20312, 58169, 20602, 4015, 
-------------------------------------------------------------
No Equipment:
No issues
-------------------------------------------------------------
Additional Photos Show 'No Foto':
No issues
-------------------------------------------------------------
No Auction Sheet:
No issues
-------------------------------------------------------------
