#############################################################
JU Hokkaido Errors: 

Data Collection lasted for 5 minutes and 56.3 seconds.
Error checking completed within 17 minutes and 55.2 seconds.
Finished checking on Thursday, 25. April 2019 08:22PM 
#############################################################

No Main Image:
111459481, 111459500, 111459478, 111459473, 

Shuppin: 

3637, 55, 3632, 3623, 
-------------------------------------------------------------
Japanese Characters:
111461347, 

Shuppin: 

1530, 
-------------------------------------------------------------
Unknown Year/Make/Model:
111426449, 111428821, 111428820, 

Shuppin: 

5002, 4703, 4702, 
-------------------------------------------------------------
Unknown Chassis Prefix:
111418093, 

Shuppin: 

8002, 
-------------------------------------------------------------
No Transmission/Color/Fuel Type:
111426449, 111400618, 111428834, 111428821, 111428820, 111418093, 

Shuppin: 

5002, 9402, 7310, 4703, 4702, 8002, 
-------------------------------------------------------------
No Equipment:
No issues
-------------------------------------------------------------
Additional Photos Show 'No Foto':
No issues
-------------------------------------------------------------
No Auction Sheet:
111461383, 111461421, 111461454, 111461343, 111461412, 111461376, 111461464, 111461352, 111461392, 111461390, 111461380, 111461394, 111461366, 111461446, 111461445, 111461401, 111461364, 111461441, 111461437, 111461377, 111461359, 111461451, 111461395, 111461347, 111461426, 111461438, 111461371, 111461452, 111461422, 111461356, 111461354, 111461410, 111461462, 111461414, 111461425, 111461345, 111461365, 111461455, 111461413, 111461402, 111461342, 111461386, 111461449, 111461398, 111461427, 111461434, 111461338, 111461363, 111461396, 111461391, 111461431, 111461436, 111461433, 111461384, 111461417, 111461420, 111461432, 111461435, 111461372, 111461405, 111461381, 111461367, 111461444, 111461430, 111461461, 111461442, 111461459, 111461375, 111461403, 111461415, 111461423, 111461397, 111461418, 111461406, 111461387, 111461344, 111461349, 111461407, 111461458, 111461373, 111461350, 111461357, 111461360, 111461358, 111461388, 111461393, 111461382, 111461362, 111461355, 111461409, 111461399, 111461370, 111461404, 111461400, 111461408, 111461440, 111461335, 111461424, 111461353, 111461351, 111461411, 111461341, 

Shuppin: 

3630, 3675, 8022, 1087, 3666, 2524, 9207, 1539, 3645, 3643, 3019, 3647, 1553, 60, 59, 3655, 1551, 548, 544, 3016, 1546, 63, 3648, 1530, 3680, 545, 2018, 8018, 3676, 1543, 1541, 3664, 9007, 3668, 3679, 1089, 1552, 8023, 3667, 3656, 1086, 3634, 61, 3652, 3681, 538, 1082, 1550, 3649, 3644, 53, 542, 535, 3631, 3671, 3674, 534, 541, 2309, 3659, 3627, 2014, 58, 3684, 9006, 549, 8028, 2523, 3657, 3669, 3677, 3651, 3672, 3660, 3638, 1088, 1536, 3661, 8026, 2311, 1537, 1544, 1547, 1545, 3640, 3646, 3629, 1549, 1542, 3663, 3653, 2017, 3658, 3654, 3662, 547, 1072, 3678, 1540, 1538, 3665, 1085, 
-------------------------------------------------------------
