#############################################################
USS Tokyo Errors: 

Data Collection lasted for 28 minutes and 30.4 seconds.
Error checking completed within 0.1 seconds.
Finished checking on Thursday, 19. December 2019 08:35AM 
#############################################################

No Main Image:
No issues
-------------------------------------------------------------
Japanese Characters:
No issues
-------------------------------------------------------------
Unknown Year/Make/Model:
115917858, 115921619, 115921651, 115921727, 115920195, 115926831, 115917582, 115918603, 115924054, 115921590, 115917702, 115924059, 115937787, 115918618, 115918627, 115921580, 115940248, 115915653, 115918758, 115931323, 115931337, 115940718, 115940719, 115940018, 

Shuppin: 

75025, 75113, 75259, 75421, 75569, 80025, 70007, 65043, 65046, 70207, 70216, 65060, 70229, 65066, 65082, 65105, 65127, 73533, 73569, 74108, 74124, 74174, 74175, 74290, 
-------------------------------------------------------------
Unknown Chassis Prefix:
115917858, 115918795, 115921619, 115917899, 115917911, 115917913, 115917922, 115921665, 115921664, 115918010, 115937845, 115921768, 115921770, 115921772, 115918060, 115921781, 115937877, 115920209, 115920210, 115937908, 115923338, 115937936, 115937963, 115937974, 115937978, 115937990, 115940067, 115938007, 115940777, 115940784, 115917582, 115917584, 115937759, 115937761, 115917755, 115938639, 115920085, 115937764, 115917602, 115920087, 115915760, 115917603, 115920086, 115917604, 115920089, 115926967, 115920091, 115920093, 115930862, 115920110, 115917657, 115917667, 115917665, 115920116, 115918589, 115920117, 115920119, 115918603, 115920127, 115920126, 115917690, 115917691, 115920128, 115917692, 115917693, 115924054, 115917696, 115917694, 115917695, 115917697, 115918610, 115917702, 115918612, 115917705, 115924059, 115937784, 115917704, 115937785, 115918618, 115918620, 115937788, 115920135, 115924062, 115937789, 115918621, 115924066, 115918627, 115924069, 115924071, 115921580, 115918636, 115941360, 115920163, 115940248, 115917398, 115940249, 115920172, 115917419, 115917424, 115920177, 115920179, 115920178, 115937805, 115920182, 115937808, 115937809, 115940663, 115940664, 115942744, 115940669, 115942745, 115942773, 115940672, 115940678, 115940681, 115940687, 115940685, 115940691, 115942775, 115940064, 115940273, 115940505, 115917504, 115917534, 115920254, 115920284, 115920285, 115931233, 115940718, 115940226, 

Shuppin: 

75025, 75045, 75113, 75127, 75142, 75146, 75159, 75288, 75287, 75306, 75419, 75481, 75483, 75485, 75486, 75500, 75540, 75590, 75592, 75617, 10121, 75653, 75684, 75696, 75700, 75717, 75729, 75764, 75812, 75820, 70007, 70012, 70022, 70032, 70034, 80165, 70045, 70044, 70046, 70049, 73069, 70047, 70048, 70050, 70055, 80182, 70060, 70067, 73106, 70132, 70140, 70157, 70155, 70173, 65025, 70174, 70179, 65043, 70198, 70197, 70199, 70200, 70202, 70201, 70203, 65046, 70206, 70204, 70205, 70210, 65055, 70216, 65057, 70222, 65060, 70220, 70221, 70224, 65066, 65069, 70233, 70234, 65071, 70235, 65070, 65080, 65082, 65086, 65092, 65105, 65108, 80429, 70297, 65127, 70310, 65130, 70334, 70343, 70349, 70355, 70357, 70356, 70360, 70363, 70372, 70374, 70378, 70380, 70381, 70387, 70390, 70392, 70391, 70398, 70402, 70409, 70407, 70415, 70425, 70431, 70454, 70455, 77040, 77089, 77119, 77180, 77181, 73999, 74174, 40717, 
-------------------------------------------------------------
No Transmission/Color/Fuel Type:
115926627, 115917858, 115918795, 115918809, 115921619, 115938469, 115917899, 115917911, 115941110, 115917913, 115917922, 115937826, 115921665, 115921664, 115918010, 115918102, 115937845, 115921751, 115921768, 115921770, 115921772, 115918060, 115921781, 115937876, 115937877, 115937887, 115920209, 115920210, 115937908, 115923338, 115937936, 115939772, 115937963, 115937966, 115937974, 115937978, 115937990, 115940067, 115940109, 115938007, 115940777, 115940784, 115917582, 115917584, 115937759, 115937761, 115917755, 115938639, 115920085, 115937764, 115917602, 115920087, 115915760, 115917603, 115920086, 115917604, 115920089, 115926967, 115920091, 115920093, 115930862, 115922182, 115920110, 115917657, 115939977, 115917667, 115917665, 115920116, 115918589, 115920117, 115920119, 115938798, 115918603, 115920127, 115920126, 115917690, 115917691, 115920128, 115917692, 115917693, 115924054, 115921590, 115917696, 115917694, 115917695, 115917697, 115918610, 115918611, 115917702, 115918612, 115917705, 115924059, 115937784, 115917704, 115917706, 115937785, 115918618, 115918620, 115937788, 115920135, 115924062, 115937789, 115918621, 115918625, 115924066, 115918627, 115924069, 115924071, 115921580, 115918636, 115941360, 115930911, 115920163, 115915549, 115940248, 115917398, 115940249, 115920172, 115917419, 115917424, 115922455, 115920177, 115920179, 115920178, 115937805, 115920182, 115937808, 115937809, 115940663, 115940664, 115942744, 115940669, 115942745, 115942773, 115940672, 115940678, 115940681, 115940687, 115940685, 115940691, 115942775, 115940064, 115940273, 115940505, 115917491, 115917504, 115917534, 115920254, 115920256, 115920284, 115920285, 115931022, 115921573, 115937715, 115940187, 115925024, 115925097, 115931233, 115931323, 115940707, 115940718, 115940226, 115940618, 115940551, 

Shuppin: 

3033, 75025, 75045, 75073, 75113, 3167, 75127, 75142, 84486, 75146, 75159, 75235, 75288, 75287, 75306, 20015, 75419, 75457, 75481, 75483, 75485, 75486, 75500, 75535, 75540, 75574, 75590, 75592, 75617, 10121, 75653, 75679, 75684, 75687, 75696, 75700, 75717, 75729, 10234, 75764, 75812, 75820, 70007, 70012, 70022, 70032, 70034, 80165, 70045, 70044, 70046, 70049, 73069, 70047, 70048, 70050, 70055, 80182, 70060, 70067, 73106, 86405, 70132, 70140, 80279, 70157, 70155, 70173, 65025, 70174, 70179, 86482, 65043, 70198, 70197, 70199, 70200, 70202, 70201, 70203, 65046, 70207, 70206, 70204, 70205, 70210, 65055, 65056, 70216, 65057, 70222, 65060, 70220, 70221, 70223, 70224, 65066, 65069, 70233, 70234, 65071, 70235, 65070, 65079, 65080, 65082, 65086, 65092, 65105, 65108, 80429, 73348, 70297, 73355, 65127, 70310, 65130, 70334, 70343, 70349, 86736, 70355, 70357, 70356, 70360, 70363, 70372, 70374, 70378, 70380, 70381, 70387, 70390, 70392, 70391, 70398, 70402, 70409, 70407, 70415, 70425, 70431, 70454, 70455, 77022, 77040, 77089, 77119, 77121, 77180, 77181, 73725, 30349, 30367, 30421, 40304, 40392, 73999, 74108, 74160, 74174, 40717, 74273, 40743, 
-------------------------------------------------------------
No Equipment:
No issues
-------------------------------------------------------------
Additional Photos Show 'No Foto':
No issues
-------------------------------------------------------------
No Auction Sheet:
No issues
-------------------------------------------------------------
