#############################################################
Isuzu Makuhari Errors: 

Data Collection lasted for 7 minutes and 11.8 seconds.
Error checking completed within 22 minutes and 42.2 seconds.
Finished checking on Tuesday, 23. April 2019 08:45PM 
#############################################################

No Main Image:
No issues
-------------------------------------------------------------
Japanese Characters:
No issues
-------------------------------------------------------------
Unknown Year/Make/Model:
111406433, 111382584, 111386884, 111405759, 111386924, 111405769, 111405777, 111386832, 111404374, 111405722, 111405727, 111406421, 111405722, 111409270, 111409251, 111405727, 111406421, 

Shuppin: 

316, 633, 592, 3506, 667, 673, 916, 539, 663, 161, 187, 119, 161, 919, 5010, 187, 119, 
-------------------------------------------------------------
Unknown Chassis Prefix:
111409270, 

Shuppin: 

919, 
-------------------------------------------------------------
No Transmission/Color/Fuel Type:
111382584, 111386884, 111405759, 111405776, 111386897, 111404358, 111393105, 111393104, 111386924, 111405769, 111386864, 111405777, 111386832, 111394975, 111404374, 111405753, 111405722, 111405727, 111406421, 111386750, 111405722, 111409238, 111409270, 111409251, 111405727, 111406421, 111386750, 111386908, 

Shuppin: 

633, 592, 3506, 907, 608, 569, 638, 635, 667, 673, 570, 916, 539, 623, 663, 350, 161, 187, 119, 19, 161, 435, 919, 5010, 187, 119, 19, 63, 
-------------------------------------------------------------
No Equipment:
No issues
-------------------------------------------------------------
Additional Photos Show 'No Foto':
No issues
-------------------------------------------------------------
No Auction Sheet:
111386930, 111386763, 111406426, 111404323, 111406430, 111406442, 111406435, 111374167, 111406434, 111386778, 111382581, 111386866, 111386904, 111382577, 111386868, 111392220, 111382584, 111404373, 111382580, 111382582, 111406436, 111386918, 111386915, 111386921, 111394487, 111405759, 111386879, 111386856, 111386852, 111386830, 111386849, 111394486, 111386872, 111386911, 111386893, 111386836, 111386923, 111404278, 111406441, 111386913, 111386726, 111404286, 111386783, 111386779, 111386715, 111386760, 111386945, 111382583, 111386725, 111386717, 111404310, 111394972, 111405776, 111404369, 111394976, 111394973, 111386914, 111386920, 111386855, 111394974, 111386867, 111405761, 111404363, 111399408, 111404356, 111386897, 111394978, 111374188, 111386827, 111386876, 111394979, 111386810, 111386858, 111404372, 111399414, 111386854, 111404272, 111374178, 111386898, 111386721, 111404284, 111404346, 111404336, 111386761, 111386735, 111404379, 111386771, 111386716, 111399410, 111386764, 111399413, 111386906, 111386929, 111386714, 111386934, 111399415, 111404378, 111404319, 111386769, 111386767, 111386903, 111399411, 111404292, 111386702, 111404331, 111386784, 111404328, 111386777, 111386757, 111399409, 111386922, 111386937, 111386791, 111386788, 111404320, 111386724, 111404350, 111404281, 111386822, 111404290, 111399416, 111386731, 111404358, 111386865, 111386850, 111386815, 111386821, 111393101, 111393102, 111386887, 111393105, 111393103, 111404354, 111374183, 111386875, 111386877, 111374187, 111404357, 111404375, 111393106, 111386857, 111386839, 111393104, 111386907, 111393100, 111386924, 111405766, 111386909, 111405769, 111374180, 111386864, 111386834, 111399417, 111405770, 111386899, 111404360, 111386811, 111386844, 111386895, 111386881, 111386886, 111374185, 111404368, 111386851, 111386890, 111386905, 111386841, 111374186, 111386896, 111386820, 111386894, 111386831, 111405760, 111405757, 111386816, 111386916, 111386823, 111405758, 111405754, 111405763, 111386813, 111386818, 111405768, 111405755, 111386825, 111386878, 111386892, 111386860, 111405762, 111405756, 111404364, 111386871, 111386888, 111404370, 111386819, 111404367, 111386859, 111404366, 111386891, 111386902, 111405764, 111386880, 111386840, 111386847, 111380409, 111404377, 111404365, 111404361, 111374189, 111386845, 111386832, 111394975, 111386837, 111404374, 111392218, 111392215, 111386829, 111386882, 111404348, 111404380, 111404279, 111404318, 111404275, 111404287, 111404291, 111393099, 111392216, 111392217, 111406443, 111404376, 111404359, 111382579, 111386870, 111382576, 111406444, 111406447, 111386861, 111386838, 111406446, 111382578, 111406445, 111394485, 111386803, 111404334, 111386796, 111394482, 111405739, 111386727, 111405753, 111404293, 111404274, 111405740, 111386755, 111405778, 111386704, 111405738, 111386781, 111386756, 111405772, 111386743, 111386752, 111386936, 111405732, 111404339, 111405771, 111394481, 111404280, 111404311, 111405748, 111386928, 111404347, 111394484, 111386939, 111386798, 111386889, 111386808, 111386786, 111386802, 111386801, 111386705, 111394483, 111386946, 111405733, 111386772, 111386797, 111386713, 111404277, 111404301, 111404324, 111386697, 111404308, 111386787, 111386774, 111386766, 111386762, 111404312, 111386730, 111386708, 111405773, 111386741, 111405736, 111386768, 111386765, 111386863, 111405742, 111386790, 111405741, 111386744, 111404288, 111405747, 111405723, 111386723, 111405719, 111405735, 111386700, 111386807, 111405724, 111386701, 111405750, 111405718, 111404314, 111386722, 111405743, 111386770, 111386775, 111386782, 111386800, 111386749, 111386795, 111404332, 111386698, 111386773, 111386799, 111386814, 111405725, 111405726, 111405728, 111405752, 111404326, 111404351, 111405746, 111404338, 111386793, 111404343, 111405745, 111404327, 111404337, 111404333, 111404352, 111404317, 111386917, 111386753, 111386745, 111405744, 111404297, 111405721, 111386747, 111386718, 111404307, 111374181, 111405775, 111386812, 111392219, 111406422, 111386833, 111382575, 111382585, 111382573, 111392214, 111404309, 111406438, 111382574, 111406439, 111406440, 111404342, 111404305, 111405727, 111386780, 111404273, 111406428, 111386742, 111404289, 111386938, 111386699, 111386912, 111394971, 111386789, 111391024, 111406425, 111386806, 111386733, 111386873, 111391025, 111405720, 111386710, 111404296, 111386711, 111406424, 111374166, 111404349, 111404302, 111406448, 111386750, 111386729, 111386707, 111391023, 111404341, 111404329, 111386736, 111386943, 111405779, 111404299, 111386931, 111404303, 111404285, 111404288, 111405747, 111405722, 111386723, 111404276, 111405735, 111386700, 111386809, 111386807, 111405724, 111386701, 111405718, 111404314, 111386722, 111405743, 111405751, 111386770, 111386925, 111386775, 111386800, 111386795, 111404332, 111386732, 111386698, 111386773, 111386799, 111386814, 111405726, 111386740, 111405752, 111404326, 111404351, 111405746, 111404338, 111386826, 111386793, 111404343, 111405745, 111404327, 111405730, 111404337, 111404333, 111404352, 111404317, 111386917, 111386944, 111386745, 111405744, 111404297, 111386746, 111386747, 111386718, 111404307, 111374179, 111374181, 111405775, 111392219, 111406422, 111409255, 111409254, 111409249, 111409267, 111386901, 111386833, 111382585, 111409250, 111382573, 111392214, 111406429, 111404309, 111409313, 111406438, 111391022, 111382574, 111409270, 111409251, 111406439, 111406440, 111404342, 111405727, 111386780, 111386737, 111404273, 111409152, 111409230, 111391026, 111406428, 111386742, 111409244, 111404289, 111409235, 111386938, 111386699, 111386912, 111409195, 111386932, 111391024, 111406425, 111386806, 111386733, 111386873, 111391025, 111409172, 111409177, 111405720, 111406432, 111386710, 111404296, 111409226, 111386711, 111406424, 111374166, 111406421, 111404302, 111406448, 111386750, 111386729, 111386707, 111406420, 111404341, 111404306, 111404329, 111386736, 111409200, 111409221, 111386943, 111405779, 111386931, 111404303, 111404285, 111404321, 111404304, 111406419, 111386935, 111386748, 111409159, 111386933, 111406423, 111386908, 111386758, 

Shuppin: 

71, 227, 280, 243, 306, 88, 330, 28, 328, 272, 534, 573, 617, 524, 575, 671, 633, 660, 531, 591, 5001, 651, 643, 658, 621, 3506, 585, 561, 558, 537, 555, 620, 579, 637, 604, 542, 664, 127, 84, 640, 146, 157, 29, 273, 131, 221, 96, 60, 145, 134, 226, 594, 907, 654, 628, 613, 642, 656, 560, 619, 574, 3510, 644, 147, 55, 608, 630, 523, 532, 582, 632, 503, 563, 659, 271, 56, 117, 40, 61, 139, 143, 295, 263, 222, 159, 85, 249, 132, 191, 228, 269, 62, 70, 130, 75, 279, 83, 239, 245, 24, 616, 266, 195, 106, 255, 294, 252, 27, 216, 165, 66, 78, 33, 300, 240, 144, 3011, 137, 52, 184, 288, 153, 569, 572, 556, 511, 518, 609, 622, 596, 638, 625, 3520, 506, 581, 583, 520, 567, 668, 646, 562, 545, 635, 626, 598, 667, 662, 634, 673, 502, 570, 540, 589, 674, 610, 627, 507, 550, 606, 588, 595, 516, 653, 557, 600, 618, 547, 519, 607, 517, 605, 538, 3507, 3504, 512, 649, 522, 3505, 3501, 3512, 509, 514, 666, 3502, 527, 584, 603, 565, 3511, 3503, 645, 578, 597, 655, 515, 650, 564, 648, 601, 615, 3517, 586, 546, 553, 530, 672, 647, 631, 528, 551, 539, 623, 543, 663, 612, 587, 536, 59, 297, 87, 129, 237, 124, 177, 185, 166, 599, 602, 905, 669, 571, 529, 577, 521, 909, 932, 566, 544, 929, 526, 927, 200, 45, 258, 38, 162, 3008, 148, 350, 201, 123, 3009, 20, 92, 109, 3007, 282, 21, 89, 172, 193, 77, 281, 284, 81, 151, 133, 229, 310, 7, 296, 189, 8, 4, 6, 5, 3, 44, 43, 11, 178, 97, 283, 259, 39, 13, 126, 211, 247, 1, 223, 30, 261, 238, 224, 230, 152, 118, 90, 170, 3002, 244, 232, 57, 3014, 32, 3012, 173, 181, 309, 163, 142, 105, 3001, 103, 49, 168, 104, 339, 102, 233, 14, 3015, 246, 262, 289, 42, 18, 37, 256, 10, 26, 41, 51, 183, 186, 196, 343, 250, 304, 303, 265, 35, 291, 302, 251, 264, 257, 305, 236, 65, 194, 174, 3018, 206, 112, 176, 135, 219, 504, 902, 508, 661, 158, 54, 25, 80, 210, 198, 225, 5005, 23, 5007, 5009, 290, 215, 187, 277, 121, 3013, 171, 182, 79, 101, 64, 180, 31, 199, 203, 48, 155, 58, 274, 108, 120, 205, 122, 190, 22, 299, 212, 99, 19, 150, 116, 197, 287, 253, 16, 93, 94, 208, 72, 213, 149, 181, 309, 161, 142, 125, 3001, 103, 50, 49, 168, 104, 102, 233, 14, 3015, 340, 246, 67, 262, 42, 37, 256, 154, 10, 26, 41, 51, 186, 17, 343, 250, 304, 303, 265, 53, 35, 291, 302, 251, 276, 264, 257, 305, 236, 65, 95, 174, 3018, 206, 175, 176, 135, 219, 501, 504, 902, 661, 158, 5026, 5014, 5004, 915, 614, 54, 80, 5006, 210, 198, 3017, 225, 979, 5005, 188, 23, 919, 5010, 5007, 5009, 290, 187, 277, 164, 121, 315, 421, 301, 3013, 171, 451, 182, 430, 79, 101, 64, 363, 73, 199, 203, 48, 155, 58, 274, 342, 348, 108, 308, 120, 205, 413, 122, 190, 22, 119, 212, 99, 19, 150, 116, 115, 287, 218, 253, 16, 372, 404, 93, 94, 72, 213, 149, 241, 214, 110, 76, 179, 323, 74, 160, 63, 217, 
-------------------------------------------------------------
