#############################################################
JAA Errors: 

Data Collection lasted for 12 minutes and 4.8 seconds.
Error checking completed within 0.0 seconds.
Finished checking on Tuesday, 23. April 2019 10:59PM 
#############################################################

No Main Image:
No issues
-------------------------------------------------------------
Japanese Characters:
No issues
-------------------------------------------------------------
Unknown Year/Make/Model:
111400861, 111398697, 111400993, 111399393, 111400913, 111399384, 111400986, 111400939, 111400944, 111401055, 111400948, 111400954, 111399376, 111400892, 

Shuppin: 

27023, 15065, 27198, 27059, 27113, 27046, 27190, 27142, 27147, 27264, 27151, 27157, 27033, 27091, 
-------------------------------------------------------------
Unknown Chassis Prefix:
111400991, 111400993, 111399393, 111400913, 111400870, 111399384, 111400986, 111400939, 111400944, 111401055, 111400948, 111400868, 111400954, 111406054, 111399376, 111400892, 111400979, 111400887, 111400994, 111399375, 111400891, 111401067, 111400937, 111400789, 111399395, 111400956, 111401079, 111400958, 111400990, 111400988, 

Shuppin: 

27195, 27198, 27059, 27113, 27049, 27046, 27190, 27142, 27147, 27264, 27151, 27045, 27157, 27060, 27033, 27091, 27183, 27086, 27199, 27032, 27090, 27276, 27140, 18113, 27063, 27160, 27288, 27162, 27194, 27192, 
-------------------------------------------------------------
No Transmission/Color/Fuel Type:
111400861, 111398697, 111400991, 111400993, 111399393, 111400913, 111400870, 111399384, 111400986, 111400939, 111400944, 111401055, 111400948, 111400868, 111400954, 111406054, 111399376, 111400892, 111400979, 111400887, 111400994, 111399375, 111400891, 111401067, 111400937, 111400789, 111399395, 111400956, 111401079, 111400958, 111400990, 111400988, 

Shuppin: 

27023, 15065, 27195, 27198, 27059, 27113, 27049, 27046, 27190, 27142, 27147, 27264, 27151, 27045, 27157, 27060, 27033, 27091, 27183, 27086, 27199, 27032, 27090, 27276, 27140, 18113, 27063, 27160, 27288, 27162, 27194, 27192, 
-------------------------------------------------------------
No Equipment:
No issues
-------------------------------------------------------------
Additional Photos Show 'No Foto':
No issues
-------------------------------------------------------------
No Auction Sheet:
No issues
-------------------------------------------------------------
