#############################################################
USS Nagoya Errors: 

Data Collection lasted for 33 minutes and 28.2 seconds.
Error checking completed within 0.1 seconds.
Finished checking on Friday, 27. September 2019 06:35AM 
#############################################################

No Main Image:
No issues
-------------------------------------------------------------
Japanese Characters:
No issues
-------------------------------------------------------------
Unknown Year/Make/Model:
114321283, 114322587, 114309258, 114309096, 114322573, 114309416, 114324184, 114309343, 114309164, 114322378, 114309688, 114309133, 

Shuppin: 

20598, 58360, 20237, 20013, 58277, 20476, 20657, 20378, 20103, 20108, 58111, 20062, 
-------------------------------------------------------------
Unknown Chassis Prefix:
114310109, 114309179, 114309170, 114309169, 114324181, 114309096, 114324202, 114315066, 114309627, 114315118, 114324164, 114309563, 114315114, 114309747, 114321224, 114321260, 114327958, 114324144, 114322397, 114309427, 114322573, 114309299, 114321265, 114309398, 114309416, 114309447, 114321215, 114309271, 114309475, 114309165, 114324184, 114309458, 114324198, 114309384, 114324154, 114324158, 114321251, 114321225, 114321220, 114322570, 114309176, 114321303, 114322552, 114309174, 114324624, 114309491, 114309636, 114309348, 114309656, 114309279, 114309177, 114309163, 114309868, 114306067, 114315071, 114322613, 114309830, 114322545, 114315094, 114322540, 114309342, 114309883, 114321275, 114309513, 114321253, 114321252, 114321222, 114322441, 114324194, 114310878, 114321221, 114309343, 114309164, 114309285, 114310110, 114309431, 114309167, 114319367, 114309378, 114309173, 114324204, 114322378, 114327924, 114309145, 114321279, 114309220, 114309418, 114309396, 114309393, 114322610, 114309476, 114309387, 114309454, 114309166, 114309101, 114309644, 114309171, 114309168, 114309178, 114309269, 114309495, 114309706, 114315062, 

Shuppin: 

43001, 20123, 20110, 20109, 20654, 20013, 20675, 25025, 58036, 25082, 20611, 35091, 25078, 58185, 20507, 20573, 25127, 20289, 20236, 20489, 58277, 20304, 20579, 20442, 20476, 20520, 20478, 20253, 20111, 20104, 20657, 20533, 20671, 20425, 20534, 20564, 20562, 20508, 20503, 58255, 20120, 20624, 58112, 20117, 58426, 20251, 58048, 20383, 58071, 20264, 20121, 20101, 58325, 40115, 25031, 58391, 58280, 58046, 25057, 43005, 20377, 58342, 20590, 35021, 20565, 20563, 20505, 20410, 20667, 58015, 20504, 20378, 20103, 20285, 43002, 20493, 20106, 25104, 20418, 20116, 20677, 20108, 20679, 20077, 20594, 20182, 20479, 20440, 20437, 58388, 20115, 20428, 20527, 20105, 20019, 58057, 20112, 20107, 20122, 20250, 20287, 58135, 25021, 
-------------------------------------------------------------
No Transmission/Color/Fuel Type:
114322412, 114309796, 114306006, 114310539, 114305830, 114310620, 114319181, 114310648, 114324652, 114310109, 114309179, 114309170, 114309169, 114324181, 114309096, 114324202, 114315066, 114309627, 114315118, 114324164, 114309563, 114315114, 114309747, 114321224, 114321260, 114327958, 114324144, 114322397, 114309427, 114322573, 114309299, 114321265, 114309398, 114309416, 114309447, 114321215, 114309271, 114309475, 114309165, 114324184, 114309458, 114324198, 114309384, 114324154, 114324158, 114321251, 114321225, 114321220, 114322570, 114309176, 114321303, 114322552, 114309174, 114324624, 114309491, 114309636, 114309348, 114309656, 114309279, 114309177, 114309163, 114309868, 114306067, 114315071, 114322613, 114309830, 114322545, 114315094, 114322540, 114309342, 114309883, 114321275, 114309513, 114321253, 114321252, 114321222, 114322441, 114324194, 114310878, 114321221, 114309343, 114309164, 114309285, 114310110, 114309431, 114309167, 114319367, 114309378, 114309173, 114324204, 114322378, 114327924, 114309145, 114321279, 114309220, 114309418, 114309396, 114309393, 114322610, 114309476, 114309387, 114309454, 114309166, 114309101, 114309644, 114309171, 114309168, 114309178, 114309269, 114309495, 114309706, 114315062, 114324344, 114305486, 

Shuppin: 

20300, 58240, 40040, 3381, 40883, 3475, 80490, 35018, 58454, 43001, 20123, 20110, 20109, 20654, 20013, 20675, 25025, 58036, 25082, 20611, 35091, 25078, 58185, 20507, 20573, 25127, 20289, 20236, 20489, 58277, 20304, 20579, 20442, 20476, 20520, 20478, 20253, 20111, 20104, 20657, 20533, 20671, 20425, 20534, 20564, 20562, 20508, 20503, 58255, 20120, 20624, 58112, 20117, 58426, 20251, 58048, 20383, 58071, 20264, 20121, 20101, 58325, 40115, 25031, 58391, 58280, 58046, 25057, 43005, 20377, 58342, 20590, 35021, 20565, 20563, 20505, 20410, 20667, 58015, 20504, 20378, 20103, 20285, 43002, 20493, 20106, 25104, 20418, 20116, 20677, 20108, 20679, 20077, 20594, 20182, 20479, 20440, 20437, 58388, 20115, 20428, 20527, 20105, 20019, 58057, 20112, 20107, 20122, 20250, 20287, 58135, 25021, 40915, 40754, 
-------------------------------------------------------------
No Equipment:
No issues
-------------------------------------------------------------
Additional Photos Show 'No Foto':
No issues
-------------------------------------------------------------
No Auction Sheet:
No issues
-------------------------------------------------------------
