#############################################################
USS NAGOYA Errors: 

Data Collection lasted for 3 minutes and 45.0 seconds.
Error checking completed within 13 minutes and 41.6 seconds.
Finished checking on Thursday, 04. April 2019 10:28PM 
#############################################################
No Main Image:
No issues
-------------------------------------------------------------
Japanese Characters:
No issues
-------------------------------------------------------------
Unknown Year/Make/Model:
110971181, 110968627, 110963344, 110962309, 110963095, 

Shuppin: 

20403, 58197, 20591, 11043, 20221, 
-------------------------------------------------------------
Unknown Chassis Prefix:
No issues
-------------------------------------------------------------
No Transmission/Color/Fuel Type:
110971181, 110968627, 110963344, 110973494, 

Shuppin: 

20403, 58197, 20591, 11125, 
-------------------------------------------------------------
No Equipment:
No issues
-------------------------------------------------------------
Missing Yor:
No issues
-------------------------------------------------------------
No Yor Image:
110962352, 110963318, 110966012, 110966094, 110965976, 110963367, 110976405, 110966128, 110968193, 110971614, 110963274, 110963046, 110963269, 110963175, 110962511, 110976416, 110963156, 110963191, 110963324, 110963146, 110962331, 110963270, 110973566, 110973562, 110966055, 110968173, 110962937, 110966147, 110963169, 110973561, 110963259, 110963185, 110963380, 110968207, 110973635, 110971626, 110973798, 110968204, 110963243, 110966009, 110971603, 110962993, 110973565, 110963451, 110966116, 110962956, 110968621, 110971176, 110968198, 110966112, 110963258, 110963334, 110971167, 110962433, 110971181, 110976412, 110963023, 110963166, 110963240, 110966040, 110971054, 110963126, 110976179, 110965973, 110976404, 110962958, 110962936, 110962989, 110963260, 110968183, 110963459, 110963136, 110966096, 110962984, 110966020, 110963105, 110968175, 110968620, 110966129, 110966063, 110966075, 110963179, 110973791, 110966029, 110963222, 110965998, 110971202, 110968629, 110976188, 110966101, 110963448, 110963445, 110963474, 110962487, 110976194, 110963458, 110963433, 110963078, 110966142, 110963375, 110963377, 110966146, 110968208, 110963181, 110966140, 110966023, 110976228, 110971074, 110971158, 110968116, 110963287, 110968199, 110963182, 110962987, 110971185, 110963330, 110973581, 110962944, 110963440, 110963470, 110976187, 110963202, 110966162, 110963331, 110971032, 110963037, 110963003, 110963468, 110963157, 110963192, 110963006, 110966068, 110965979, 110971601, 110966150, 110963437, 110966015, 110963045, 110963120, 110976417, 110968627, 110963829, 110973572, 110971629, 110962962, 110962974, 110963255, 110962966, 110963035, 110966119, 110965968, 110963344, 110963253, 110963197, 110976177, 110963139, 110963034, 110962994, 110968165, 110971168, 110963188, 110966072, 110973807, 110963112, 110963011, 110965955, 110966013, 110963365, 110973563, 110963300, 110963127, 110962991, 110966016, 110966006, 110971075, 110965985, 110966047, 110971627, 110973808, 110966054, 110962950, 110963107, 110963252, 110966067, 110962955, 110963065, 110963108, 110971154, 110966093, 110962986, 110966036, 110971045, 110976398, 110971174, 110962938, 110971208, 110963461, 110966076, 110965984, 110962988, 110966092, 110976411, 110963200, 110963133, 110963115, 110971192, 110976391, 110963236, 110963138, 110973797, 110963149, 110965981, 110966035, 110966144, 110966048, 110976229, 110973554, 110966014, 110966087, 110963285, 110966145, 110963371, 110966097, 110971070, 110965959, 110963379, 110963234, 110976168, 110963118, 110966017, 110973506, 110963021, 110973810, 110963161, 110963301, 110973494, 110966011, 110966095, 110966005, 110963339, 110963275, 110963025, 110966121, 110971201, 110973803, 110962952, 110971155, 110966010, 110973789, 110968189, 110963369, 110963348, 110963009, 110962945, 110968203, 110963008, 110963017, 110963279, 110966125, 110962941, 110965989, 110973577, 110976415, 110965987, 110966003, 110963384, 110965975, 110966091, 110973792, 110966031, 110962996, 110965962, 110962309, 110963084, 110976393, 110963016, 110965969, 110963163, 110966066, 110963074, 110976392, 110973553, 110963007, 110963370, 110971212, 110971209, 110971194, 110971318, 110968622, 110963238, 110963465, 110966141, 110963476, 110963204, 110966049, 110968195, 110966024, 110963223, 110968182, 110966051, 110965993, 110973806, 110971157, 110973551, 110965971, 110966080, 110976403, 110963038, 110973633, 110973568, 110966166, 110963168, 110962985, 110963351, 110968169, 110973580, 110963475, 110963446, 110963158, 110973801, 110963032, 110963165, 110965978, 110963059, 110963039, 110966149, 110966158, 110965958, 110968166, 110965967, 110965992, 110965994, 110963153, 110968212, 110965980, 110966127, 110966045, 110963378, 110966090, 110963326, 110971624, 110965986, 110966062, 110965961, 110971607, 110973564, 110976185, 110962339, 110962959, 110966110, 110963352, 110963067, 110973795, 110976165, 110962953, 110971620, 110966081, 110976172, 110976162, 110963122, 110963322, 110971163, 110976195, 110976401, 110963066, 110963277, 110963195, 110966148, 110963015, 110965977, 110965983, 110973559, 110966002, 110962997, 110963297, 110963014, 110963056, 110963095, 110963266, 110963248, 110971153, 110966060, 110963447, 110963209, 110968177, 110963309, 110963132, 110963272, 110968192, 110963251, 110968628, 110968187, 110962345, 110962498, 110963073, 110963214, 110971207, 110968178, 110966120, 110963456, 

Shuppin: 

11106, 20547, 58091, 58191, 58033, 20613, 58309, 58244, 20628, 58223, 20475, 20144, 20466, 20330, 11340, 58325, 20311, 20346, 20570, 20301, 11074, 20467, 20461, 20451, 58145, 20125, 20003, 58282, 20324, 20450, 20448, 20340, 20632, 20736, 35132, 58253, 58041, 20733, 20427, 58088, 58009, 20074, 20460, 25038, 58230, 20032, 58176, 20388, 20727, 58225, 20446, 20581, 20173, 11229, 20403, 58320, 20105, 20321, 20423, 58129, 11323, 20269, 20498, 58030, 58308, 20035, 20002, 20070, 20452, 20368, 25051, 20285, 58193, 20065, 58104, 20234, 20129, 58175, 58248, 58153, 58165, 20334, 58016, 58118, 20394, 58068, 25001, 58200, 25080, 58203, 25032, 25029, 25075, 11279, 25095, 25049, 25008, 20197, 58273, 20622, 20629, 58281, 20737, 20336, 58271, 58110, 35162, 11354, 20151, 11305, 20497, 20728, 20337, 20068, 20412, 20577, 25058, 20013, 25019, 25068, 25078, 20358, 58306, 20578, 11086, 20126, 20084, 25065, 20312, 20347, 20087, 58158, 58039, 58007, 58289, 25016, 58095, 20143, 20260, 58326, 58197, 35111, 20476, 58257, 20040, 20054, 20440, 20045, 20122, 58234, 58024, 20591, 20438, 20352, 20486, 20291, 20121, 20075, 20103, 20177, 20343, 58162, 58288, 20247, 20092, 58003, 58092, 20611, 20453, 20522, 20272, 20072, 58096, 58085, 11355, 58054, 58136, 58255, 58295, 58143, 20024, 20239, 20437, 58157, 20030, 20176, 20240, 20140, 58190, 20067, 58125, 11117, 58062, 20190, 20004, 25015, 25053, 58166, 58053, 20069, 58188, 58319, 20356, 20282, 20252, 20443, 58042, 20417, 20288, 58040, 20304, 58046, 58124, 58279, 58137, 35163, 20206, 58093, 58182, 20495, 58280, 20617, 58194, 11348, 58010, 20631, 20411, 20241, 20256, 58097, 11380, 20101, 58297, 20316, 20523, 11125, 58090, 58192, 58083, 20586, 20477, 20108, 58236, 20752, 58278, 20026, 20141, 58089, 58011, 20623, 20615, 20595, 20090, 20015, 20732, 20089, 20098, 20487, 58241, 20007, 58058, 25048, 58323, 58056, 58078, 20712, 58032, 58187, 58017, 58120, 20077, 58014, 11043, 20204, 58044, 20097, 58025, 20318, 58156, 20192, 58043, 20205, 20088, 20616, 25026, 25020, 20744, 35096, 58177, 20419, 25062, 58272, 25077, 20360, 58138, 20662, 58111, 20395, 20367, 58140, 58063, 58286, 20150, 20202, 58027, 58170, 58307, 20127, 35128, 20470, 58315, 20323, 20066, 20598, 20113, 25057, 25076, 25030, 20313, 58274, 20119, 20320, 58035, 20168, 20131, 58287, 58301, 58006, 20104, 58023, 58061, 58064, 20308, 20741, 58045, 58243, 58134, 20630, 58185, 20572, 58251, 58055, 58152, 58013, 58210, 20455, 25070, 11083, 20036, 58218, 20599, 20179, 58037, 20235, 20027, 58246, 58172, 20250, 20225, 20262, 20568, 20163, 25096, 58299, 20178, 20481, 20350, 58284, 20096, 58034, 58051, 20447, 58077, 20078, 20519, 20095, 20158, 20221, 20462, 20432, 20139, 58150, 25031, 20376, 20361, 20532, 20281, 20469, 20627, 20436, 58198, 20375, 11095, 11292, 20191, 20381, 25013, 20362, 58235, 25045, 
-------------------------------------------------------------
Additional Photos Show 'No Foto':
No issues
-------------------------------------------------------------
No Auction Sheet:
No issues
-------------------------------------------------------------
