#############################################################
USS SAITAMA Errors: 

Data Collection lasted for 3 minutes and 41.1 seconds.
Error checking completed within 16 minutes and 0.0 seconds.
Finished checking on Thursday, 04. April 2019 07:57PM 
#############################################################
No Foto On Main Image:
No issues
-------------------------------------------------------------
Japanese Characters:
No issues
-------------------------------------------------------------
Unknown Year/Make/Model:
No issues
-------------------------------------------------------------
Unknown Chassis Prefix:
110975237, 

Shuppin: 

2060, 
-------------------------------------------------------------
No Transmission/Color/Fuel Type:
110975237, 

Shuppin: 

2060, 
-------------------------------------------------------------
No Equipment:
No issues
-------------------------------------------------------------
Missing Yor:
No issues
-------------------------------------------------------------
No Yor Image:
110975310, 110975349, 110975156, 110975368, 110975584, 110975379, 110975127, 110975279, 110975228, 110975125, 110975308, 110975493, 110975476, 110975255, 110975133, 110975453, 110975422, 110975153, 110975139, 110975573, 110975283, 110975299, 110975263, 110975376, 110975268, 110975216, 110975373, 110975275, 110975520, 110975544, 110975410, 110975499, 110975293, 110975271, 110975256, 110975292, 110975313, 110975304, 110975264, 110975235, 110975208, 110975254, 110975546, 110975328, 110975506, 110975534, 110975465, 110975492, 110975397, 110975450, 110975309, 110975219, 110975297, 110975291, 110975487, 110975452, 110975527, 110975436, 110975439, 110975432, 110975570, 110975526, 110975490, 110975495, 110975468, 110975356, 110975230, 110975503, 110975521, 110975589, 110975507, 110975145, 110975619, 110975600, 110975482, 110975370, 110975565, 110975528, 110975446, 110975155, 110975538, 110975553, 110975221, 110975477, 110975312, 110975148, 110975151, 110975519, 110975448, 110975456, 110975223, 110975360, 110975359, 110975225, 110975311, 110975295, 110975224, 110975282, 110975307, 110975327, 110975496, 110975332, 110975128, 110975440, 110975132, 110975172, 110975201, 110975614, 110975194, 110975195, 110975318, 110975177, 110975569, 110975335, 110975182, 110975421, 110975325, 110975420, 110975338, 110975616, 110975628, 110975388, 110975428, 110975620, 110975331, 110975518, 110975566, 110975609, 110975206, 110975374, 110975202, 110975414, 110975303, 110975386, 110975405, 110975394, 110975511, 110975536, 110975555, 110975395, 110975351, 110975578, 110975141, 110975185, 110975257, 110975474, 110975300, 110975157, 110975389, 110975346, 110975274, 110975567, 110975123, 110975298, 110975231, 110975239, 110975232, 110975261, 110975350, 110975353, 110975574, 110975361, 110975581, 110975218, 110975330, 110975134, 110975352, 110975143, 110975179, 110975122, 110975234, 110975497, 110975532, 110975587, 110975479, 110975233, 110975556, 110975522, 110975568, 110975594, 110975321, 110975377, 110975434, 110975167, 110975168, 110975164, 110975171, 110975169, 110975336, 110975629, 110975217, 110975204, 110975175, 110975632, 110975445, 110975138, 110975403, 110975502, 110975464, 110975516, 110975633, 110975400, 110975184, 110975504, 110975513, 110975530, 110975545, 110975251, 110975576, 110975467, 110975366, 110975363, 110975402, 110975158, 110975162, 110975475, 110975542, 110975481, 110975543, 110975322, 110975199, 110975203, 110975129, 110975631, 110975630, 110975470, 110975488, 110975466, 110975486, 110975375, 110975317, 110975593, 110975443, 110975480, 110975548, 110975607, 110975381, 110975623, 110975424, 110975320, 110975365, 110975140, 110975253, 110975591, 110975604, 110975241, 110975430, 110975406, 110975154, 110975580, 110975392, 110975540, 110975262, 110975135, 110975188, 110975222, 110975238, 110975550, 110975596, 110975198, 110975399, 110975396, 110975571, 110975152, 110975174, 110975326, 110975136, 110975191, 110975192, 110975340, 110975401, 110975485, 110975339, 110975444, 110975144, 110975200, 110975627, 110975610, 110975163, 110975197, 110975582, 110975549, 110975441, 110975539, 110975572, 110975193, 110975622, 110975119, 110975423, 110975181, 110975319, 110975437, 110975161, 110975557, 110975533, 110975358, 110975354, 110975362, 110975357, 110975514, 110975149, 110975120, 110975615, 110975380, 110975323, 110975391, 110975205, 110975462, 110975461, 110975137, 110975121, 110975337, 110975146, 110975314, 110975562, 110975531, 110975517, 110975451, 110975190, 110975187, 110975131, 110975170, 110975160, 110975427, 110975165, 110975173, 110975207, 110975126, 110975625, 110975597, 110975196, 110975626, 110975186, 110975618, 110975425, 110975537, 110975491, 110975315, 110975429, 110975411, 110975413, 110975415, 110975180, 110975333, 110975510, 110975236, 110975247, 110975393, 110975595, 110975159, 110975302, 110975426, 110975431, 110975130, 110975266, 110975244, 110975329, 110975575, 110975384, 110975367, 110975433, 110975417, 110975416, 110975288, 110975267, 110975602, 110975270, 110975372, 110975147, 110975371, 110975369, 110975387, 110975438, 110975489, 110975245, 110975150, 110975508, 110975541, 110975229, 110975613, 110975523, 110975535, 110975278, 110975460, 110975265, 110975599, 110975498, 110975226, 110975250, 110975390, 110975272, 110975563, 110975552, 110975558, 110975560, 110975561, 110975564, 110975603, 110975478, 110975458, 110975551, 110975455, 110975447, 110975501, 110975505, 110975483, 110975454, 110975459, 110975469, 110975347, 110975260, 110975342, 110975473, 110975471, 110975512, 110975341, 110975494, 110975590, 110975588, 110975586, 110975621, 110975378, 110975583, 110975409, 110975364, 110975617, 110975484, 110975624, 110975598, 110975183, 110975585, 110975606, 110975142, 110975345, 110975612, 110975579, 110975166, 110975301, 110975605, 110975209, 110975258, 110975348, 110975418, 110975404, 110975334, 110975457, 110975547, 110975559, 110975524, 110975554, 110975509, 110975463, 110975213, 110975500, 110975212, 110975324, 110975382, 110975529, 110975344, 110975601, 110975316, 110975118, 110975176, 110975442, 110975189, 110975398, 110975515, 110975383, 110975343, 110975472, 110975237, 110975289, 110975277, 110975211, 110975355, 110975269, 110975408, 110975412, 110975248, 110975407, 110975592, 110975449, 110975178, 110975525, 110975385, 110975124, 110975577, 110975608, 110975611, 110975435, 110975210, 110975296, 110975306, 110975240, 110975294, 110975290, 110975284, 110975252, 110975281, 110975242, 

Shuppin: 

2193, 5015, 1064, 5050, 8014, 5077, 1015, 2135, 2040, 1012, 2191, 7514, 7052, 2091, 1025, 7013, 6502, 1060, 1036, 8001, 2145, 2178, 2099, 5069, 2109, 2016, 5065, 2123, 7562, 7607, 6011, 7525, 2164, 2113, 2092, 2160, 2197, 2186, 2101, 2052, 2004, 2089, 7614, 4002, 7539, 7590, 7033, 7513, 5108, 7008, 2192, 2024, 2171, 2159, 7504, 7012, 7575, 6526, 6530, 6519, 79, 7573, 7510, 7517, 7038, 5024, 2045, 7532, 7563, 8025, 7540, 1048, 8079, 8043, 7064, 5053, 7647, 7576, 7001, 1063, 7596, 7623, 2027, 7056, 2196, 1051, 1059, 7561, 7004, 7017, 2033, 5035, 5033, 2035, 2195, 2167, 2034, 2143, 2189, 4001, 7518, 4011, 1016, 6531, 1022, 1090, 133, 8069, 121, 122, 29, 1096, 77, 41, 1100, 65, 37, 63, 45, 8075, 89, 5091, 6512, 8081, 4009, 7559, 7648, 8062, 2001, 5066, 16, 6018, 2182, 5089, 6005, 5104, 7546, 7593, 7626, 5105, 5017, 8007, 1040, 1107, 2093, 7049, 2179, 1065, 5093, 5011, 2120, 7650, 1009, 2175, 2047, 2066, 2048, 2097, 5016, 5021, 8002, 5036, 8011, 2023, 4005, 1026, 5019, 1044, 1098, 1004, 2051, 7519, 7585, 8021, 7060, 2049, 7627, 7565, 7651, 8034, 32, 5072, 6521, 1081, 1085, 1078, 1089, 1087, 43, 91, 2020, 19, 1094, 98, 70, 1034, 59, 7531, 7031, 7554, 99, 55, 1106, 7535, 7550, 7579, 7610, 2083, 8005, 7037, 5047, 5040, 58, 1066, 1074, 7050, 7604, 7063, 7606, 33, 128, 18, 1018, 96, 92, 7042, 7506, 7036, 7503, 5068, 27, 8032, 69, 7062, 7617, 8055, 5080, 83, 6505, 30, 5046, 1037, 2085, 8027, 8051, 2068, 6514, 6006, 1062, 8010, 5101, 7602, 2098, 1030, 113, 2031, 2064, 7619, 8036, 126, 54, 5106, 8, 106, 1092, 4, 1032, 117, 12, 5, 56, 73, 47, 7, 1047, 129, 88, 8064, 1075, 125, 8012, 7618, 67, 7600, 80, 120, 81, 100, 6503, 110, 3, 6527, 1073, 7629, 7589, 5032, 5022, 5039, 5028, 7551, 1055, 1001, 8073, 5079, 34, 5097, 20, 7029, 7027, 1033, 1002, 44, 105, 22, 7640, 7583, 7558, 7011, 116, 112, 102, 1088, 1071, 6509, 1079, 1091, 2002, 1014, 85, 8037, 124, 87, 1108, 8077, 6506, 7594, 7511, 2200, 6513, 6012, 6017, 6019, 1099, 4012, 7544, 2056, 2078, 5102, 8035, 1067, 2181, 6507, 6516, 1019, 2106, 2071, 4004, 8003, 5084, 5049, 6520, 6022, 6021, 2155, 2108, 8048, 2112, 5061, 1050, 5057, 5051, 5090, 6528, 7508, 2075, 1057, 7542, 7603, 2041, 8068, 7566, 7592, 2127, 7026, 2102, 8039, 7521, 2037, 2082, 5094, 2114, 7641, 7622, 7633, 7636, 7637, 7643, 8050, 7057, 7022, 7621, 7016, 7003, 7529, 7538, 7066, 7015, 7023, 7041, 5012, 2096, 5003, 7048, 7045, 7547, 5001, 7515, 8026, 8022, 8020, 8083, 5076, 8013, 6010, 5042, 8076, 72, 84, 8038, 1104, 8018, 8054, 1041, 5010, 8066, 8009, 1080, 2180, 8052, 2005, 2094, 5014, 6023, 6004, 4015, 7019, 7615, 7634, 7568, 7625, 7543, 7030, 2013, 7526, 2012, 36, 5082, 7577, 5008, 8044, 23, 1, 1095, 68, 114, 52, 7552, 5083, 5004, 7046, 2060, 2156, 2126, 2011, 5023, 2110, 6008, 6014, 2080, 6007, 8028, 7006, 1097, 7572, 5086, 1010, 8006, 8060, 8065, 6523, 2009, 2168, 2188, 2067, 2166, 2157, 2146, 2084, 2142, 2069, 
-------------------------------------------------------------
Additional Photos Show 'No Foto':
No issues
-------------------------------------------------------------
No Auction Sheet:
No issues
-------------------------------------------------------------
