#############################################################
USS OSAKA Errors: 

Data Collection lasted for 3 minutes and 34.1 seconds.
Error checking completed within 13 minutes and 57.0 seconds.
Finished checking on Thursday, 04. April 2019 10:46PM 
#############################################################
No Main Image:
No issues
-------------------------------------------------------------
Japanese Characters:
No issues
-------------------------------------------------------------
Unknown Year/Make/Model:
110969995, 

Shuppin: 

5002, 
-------------------------------------------------------------
Unknown Chassis Prefix:
No issues
-------------------------------------------------------------
No Transmission/Color/Fuel Type:
No issues
-------------------------------------------------------------
No Equipment:
No issues
-------------------------------------------------------------
Missing Yor:
No issues
-------------------------------------------------------------
No Yor Image:
110970713, 110978250, 110970315, 110970685, 110978259, 110970728, 110974858, 110978229, 110970656, 110978264, 110970636, 110970718, 110970431, 110970731, 110970680, 110978236, 110970732, 110978275, 110974867, 110970730, 110970773, 110970770, 110970130, 110970131, 110978269, 110978047, 110970368, 110970695, 110974757, 110970681, 110978240, 110977778, 110970632, 110970529, 110977762, 110970530, 110970232, 110970660, 110978271, 110970643, 110970726, 110970709, 110978220, 110970657, 110970721, 110970663, 110978262, 110978233, 110970710, 110970177, 110970639, 110970228, 110970441, 110970725, 110977881, 110970300, 110970694, 110978279, 110978245, 110978266, 110970645, 110970703, 110978255, 110970684, 110970086, 110970655, 110970668, 110978002, 110970690, 110978243, 110970698, 110978222, 110970719, 110970729, 110970686, 110978224, 110970647, 110970193, 110970714, 110970735, 110978282, 110978268, 110978228, 110978237, 110970664, 110970651, 110970667, 110970715, 110978223, 110978217, 110970635, 110969995, 110970720, 110977856, 110970689, 110970707, 110974851, 110970758, 110970704, 110977826, 110970183, 110970733, 110978284, 110978235, 110970717, 110978230, 110970712, 110978260, 110978227, 110970691, 110970364, 110978278, 110977904, 110970724, 110978241, 110970369, 110978273, 110970289, 110978215, 110970701, 110970226, 110970454, 110970421, 110970297, 110970683, 110970662, 110970653, 110978251, 110978265, 110970652, 110970700, 110970687, 110978226, 110978280, 110970775, 110978254, 110970640, 110970696, 110970665, 110970661, 110970679, 110970682, 110970642, 110970104, 110978091, 110970046, 110977899, 110970767, 110970103, 110978049, 110969994, 110978242, 110978277, 110974897, 110970649, 110978218, 110977773, 110978221, 110970659, 110970306, 110976932, 110976821, 110976985, 110969635, 110976812, 110976777, 110977151, 110977119, 110977699, 110976041, 110975867, 110977700, 110974496, 110974883, 110970346, 110974770, 110974795, 110977872, 110977995, 110978116, 110974893, 110977079, 110977731, 110977913, 110978312, 110977725, 110977940, 110977586, 110977298, 110977883, 110970134, 110969759, 110974730, 110970222, 110977142, 110977351, 110977905, 110977853, 110978309, 110977014, 110975911, 110974434, 110970028, 110969643, 110969790, 110975923, 110975843, 110976873, 110974546, 110969668, 110976761, 110977585, 110969610, 110974420, 110978078, 110977710, 110977149, 110970318, 110970000, 110970045, 110977857, 110969825, 110969886, 110974508, 110977125, 110970384, 110970199, 110969843, 110974375, 110975847, 110976844, 110974642, 110975984, 110977087, 110974368, 110976017, 110977624, 110977862, 110975900, 110976933, 110976846, 110977941, 110978107, 110974911, 110970532, 110977390, 110977629, 110976066, 110976808, 110975858, 110969845, 110969616, 110974727, 110975863, 110976856, 110977166, 110976817, 110977069, 110977070, 110976880, 110976042, 110977139, 110974541, 110976814, 110977748, 110976792, 110976891, 110977268, 110975924, 110977600, 110974465, 110975896, 110969606, 110976024, 110975865, 110976782, 110977636, 110975871, 110969678, 110975845, 110977575, 110969660, 110970138, 110970027, 110974852, 110969990, 110977003, 110977126, 110975850, 110974561, 110974469, 110974474, 110975907, 110970606, 110970573, 110978016, 110974787, 110976868, 110970475, 110970608, 110970459, 110970163, 110977191, 110977361, 110969727, 110970314, 110970547, 110977863, 110978044, 110978008, 110974923, 110976835, 110976956, 110969828, 110976849, 110978102, 110970292, 110974514, 110969738, 110977893, 110977738, 110969667, 110977719, 110974512, 110974471, 110970230, 110977895, 110978101, 110976939, 110970204, 110969719, 110974491, 110970413, 110976773, 110978080, 110974876, 110970335, 110970115, 110977120, 110976071, 110969604, 110976832, 110969740, 110977222, 110969680, 110977229, 110977542, 110969761, 110976006, 110974580, 110975895, 110969774, 110975983, 110977138, 110976783, 110969875, 110977496, 110977025, 110977182, 110974494, 110976046, 110974731, 110969795, 110975899, 110976009, 110977085, 110974372, 110977354, 110969806, 110974924, 110969652, 110974729, 110977347, 110977532, 110969703, 110976060, 110974438, 110970016, 110974885, 110970741, 110970356, 110974344, 110976992, 110969728, 110974683, 110969700, 110974789, 110977484, 110970528, 110978136, 110969782, 110970313, 110977050, 110977620, 110977184, 110977194, 110969779, 110974776, 110974333, 110969669, 

Shuppin: 

84041, 84001, 50468, 80096, 84023, 84069, 6184, 80045, 80038, 84042, 80005, 84052, 6299, 84072, 80083, 80063, 84073, 84068, 6202, 84071, 9055, 9052, 50211, 50215, 84051, 6196, 50541, 84016, 6040, 80090, 80075, 50216, 80001, 6456, 50166, 6458, 50351, 80052, 84057, 80021, 84065, 84036, 80019, 80040, 84056, 80055, 84032, 80050, 84037, 50278, 80012, 50347, 6314, 84064, 50534, 50447, 84015, 84078, 80102, 84044, 80023, 84029, 84010, 80095, 5015, 80037, 80061, 6025, 84008, 80089, 84020, 80028, 84053, 84070, 80098, 80032, 80025, 5030, 84045, 84083, 84085, 84050, 80043, 80064, 80056, 80033, 80060, 84046, 80030, 80015, 80004, 5002, 84054, 50462, 84006, 84034, 6176, 9034, 84030, 50365, 50283, 84077, 84087, 80058, 84048, 80046, 84039, 84024, 80042, 84012, 50530, 84076, 50589, 84063, 80076, 50543, 84059, 50431, 80010, 84027, 50345, 6332, 6282, 50441, 80094, 80054, 80035, 84002, 84043, 80034, 84026, 84003, 80041, 84079, 9058, 84009, 80013, 84017, 80057, 80053, 80081, 80091, 80020, 50174, 6350, 50098, 50582, 9047, 50173, 6199, 50016, 80082, 84075, 6252, 80029, 80017, 50198, 80026, 80048, 50452, 30057, 20127, 30191, 30069, 20093, 20010, 30587, 30525, 43, 40073, 20086, 45, 30379, 6228, 50505, 6058, 6094, 50508, 6016, 6435, 6247, 30431, 50069, 50605, 99, 50050, 50654, 40052, 3337, 50539, 50223, 30264, 57, 50337, 30575, 3406, 50592, 50444, 95, 30263, 20163, 276, 50075, 30077, 30314, 20187, 20039, 20247, 3130, 30119, 172, 40050, 20019, 254, 6281, 50019, 30584, 50470, 50025, 50097, 50463, 30398, 30491, 3080, 30537, 50564, 50308, 30426, 20208, 20046, 20188, 3276, 30561, 30453, 20196, 40029, 40147, 50479, 20143, 30059, 20191, 5072, 6416, 6276, 6463, 3458, 40160, 40119, 20088, 20068, 30428, 20031, 55456, 20078, 20214, 30602, 20107, 30405, 30407, 20256, 40074, 30564, 3121, 20100, 5012, 20052, 235, 3295, 20189, 40083, 30019, 20134, 20014, 40042, 20080, 20026, 40167, 20095, 30130, 20043, 40027, 30103, 50227, 50074, 6177, 50011, 30237, 3054, 20054, 3154, 30028, 30036, 20154, 70087, 70036, 6082, 6081, 20242, 6365, 70090, 6342, 50259, 3107, 3418, 30216, 50465, 6486, 50481, 6186, 6053, 74, 20162, 30135, 30403, 202, 6395, 50437, 3087, 30233, 50567, 50084, 30115, 50038, 3085, 30031, 50349, 50573, 6394, 30079, 50313, 30202, 30371, 5082, 199, 6295, 6217, 50491, 50191, 30526, 40126, 20012, 20158, 30236, 3184, 30132, 3198, 3649, 30267, 40006, 3187, 20133, 30286, 30559, 30563, 20028, 30471, 3587, 30290, 3079, 30377, 40079, 59, 30324, 20142, 40012, 30447, 20200, 3410, 30342, 75, 30091, 56, 3402, 3637, 30174, 40108, 284, 50055, 6232, 9011, 50521, 174, 30212, 30218, 38, 30167, 6088, 3571, 6455, 6488, 30306, 50461, 30352, 40132, 3091, 3112, 30302, 6067, 155, 30120, 
-------------------------------------------------------------
Additional Photos Show 'No Foto':
No issues
-------------------------------------------------------------
No Auction Sheet:
No issues
-------------------------------------------------------------
