#############################################################
USS Tokyo Errors: 

Data Collection lasted for 50 minutes and 5.8 seconds.
Error checking completed within 0.1 seconds.
Finished checking on Thursday, 12. March 2020 08:32AM 
#############################################################

No Main Image:
No issues
-------------------------------------------------------------
Japanese Characters:
117392340, 117392860, 117392948, 117392742, 117391948, 117391656, 117391739, 117391783, 117391559, 117392799, 117392012, 117391761, 117392159, 117392015, 117388848, 117389032, 117389173, 117388983, 117388868, 117392872, 117388018, 117394353, 117388190, 117389522, 117389071, 117388814, 117392084, 117391069, 117391027, 117391029, 117391155, 117391039, 117391140, 117390410, 117391042, 117392814, 117391139, 117391015, 117389357, 117388860, 117389507, 117389494, 117389764, 117391081, 117389061, 117388843, 117388844, 117389247, 117388886, 117388988, 117391009, 117388987, 117388937, 117389034, 117389095, 117392792, 117394307, 117388575, 117388597, 117388148, 117394415, 117394395, 117388421, 117392787, 117388441, 117388388, 117394375, 117393495, 117388124, 117389236, 117391008, 117390992, 117391073, 117389478, 117392798, 117388146, 117388393, 117394411, 117394397, 117391669, 117391201, 117391031, 117389487, 117391913, 117389510, 117392796, 117391256, 117389089, 117389481, 117391113, 117389720, 117391147, 117389155, 117389302, 117388893, 117389476, 117389434, 117389158, 117392809, 117389064, 117390164, 117392230, 117388271, 117392148, 117391557, 117391535, 117390993, 117391072, 117392784, 117392082, 117391737, 117391781, 117389479, 117388903, 117388821, 117389985, 117389105, 117367922, 117369848, 117392249, 117391713, 117391656, 117391669, 117389434, 117391713, 117391739, 117389478, 117389476, 117389479, 117389481, 117389487, 117391761, 117389494, 117389507, 117391783, 117389510, 117391781, 117389522, 117389985, 117391916, 

Shuppin: 

75759, 80354, 80442, 78094, 74000, 73708, 73791, 73835, 73610, 80293, 74064, 73813, 75578, 74067, 23610, 23794, 26033, 23745, 23630, 80366, 1047, 935, 1219, 26385, 23833, 23576, 75503, 50285, 50243, 50245, 50371, 50255, 50356, 3199, 50258, 80308, 50355, 50231, 26220, 23622, 26370, 26357, 26627, 50297, 23823, 23605, 23606, 26110, 23648, 23750, 50225, 23749, 23699, 23796, 23857, 80286, 889, 1516, 1538, 1177, 997, 977, 1362, 80281, 1382, 1329, 957, 857, 1153, 26099, 50224, 50205, 50289, 26341, 80292, 1175, 1334, 993, 979, 73721, 50417, 50247, 26350, 73965, 26373, 80290, 50472, 23851, 26344, 50329, 26583, 50363, 26010, 26165, 23655, 26339, 26297, 26014, 80303, 23826, 30449, 75649, 12315, 75567, 73608, 73586, 50207, 50288, 80278, 75501, 73789, 73833, 26342, 23665, 23583, 29170, 23867, 75067, 75227, 75668, 73765, 73708, 73721, 26297, 73765, 73791, 26341, 26339, 26342, 26344, 26350, 73813, 26357, 26370, 73835, 26373, 73833, 26385, 29170, 73968, 
-------------------------------------------------------------
Unknown Year/Make/Model:
117392093, 117391392, 117392723, 117392144, 117392329, 117366457, 117367804, 117367823, 117365992, 117366017, 117366033, 117366044, 117391356, 117391361, 117366160, 117366167, 117366172, 117391413, 117391469, 117391473, 117391486, 117374713, 117365458, 117392706, 117365458, 117392706, 

Shuppin: 

75512, 70266, 78056, 75563, 75748, 79009, 65049, 65068, 70013, 70039, 70056, 70067, 70155, 70160, 70215, 70222, 70227, 70287, 70343, 70347, 70360, 40553, 77088, 77246, 77088, 77246, 
-------------------------------------------------------------
Unknown Chassis Prefix:
No issues
-------------------------------------------------------------
No Transmission/Color/Fuel Type:
117389071, 117391381, 117392825, 117392793, 117393245, 117391359, 117392861, 117392093, 117388371, 117391362, 117391392, 117391387, 117394300, 117368071, 117392723, 117392773, 117366494, 117367886, 117367896, 117367907, 117367936, 117368013, 117368012, 117368022, 117366227, 117366257, 117366267, 117366316, 117366344, 117366374, 117366393, 117392052, 117392092, 117392105, 117392144, 117392143, 117392156, 117392169, 117369891, 117392303, 117392306, 117392307, 117392310, 117392317, 117392329, 117370622, 117392493, 117392566, 117392593, 117366457, 117367773, 117367785, 117367791, 117367793, 117369784, 117367823, 117367829, 117367830, 117365991, 117369532, 117365992, 117365993, 117366003, 117366006, 117366009, 117366012, 117366016, 117366017, 117366025, 117366024, 117366026, 117366027, 117366028, 117366033, 117366034, 117366040, 117366044, 117366066, 117366064, 117366068, 117367676, 117366098, 117380387, 117366100, 117366119, 117391357, 117391356, 117391361, 117391358, 117391360, 117391363, 117391365, 117391364, 117391366, 117366126, 117366160, 117366167, 117366172, 117391377, 117391383, 117391384, 117391385, 117391393, 117391399, 117391407, 117391412, 117391414, 117391413, 117391415, 117391422, 117391430, 117391441, 117391445, 117391444, 117391454, 117391458, 117391463, 117391464, 117391466, 117391469, 117391467, 117391468, 117391472, 117391473, 117391476, 117391477, 117391482, 117391486, 117391489, 117365391, 117374713, 117365398, 117390770, 117365426, 117365432, 117365458, 117380429, 117365477, 117365487, 117392613, 117392625, 117392706, 117392718, 117365458, 117380429, 117365477, 117365487, 117392613, 117392625, 117392706, 117392718, 

Shuppin: 

23833, 70255, 80319, 80287, 84444, 70158, 80355, 75512, 1312, 70161, 70266, 70261, 882, 78009, 78056, 78125, 12002, 75031, 75041, 75052, 75081, 75160, 75159, 75169, 75229, 75259, 75270, 75327, 75357, 75390, 75410, 75471, 75511, 75524, 75563, 75562, 75575, 75588, 80040, 75722, 75725, 75726, 75729, 75736, 75748, 86491, 75913, 75986, 76013, 79009, 65017, 65029, 65035, 65037, 65047, 65068, 65074, 65075, 70012, 40163, 70013, 70014, 70024, 70027, 70031, 70034, 70038, 70039, 70047, 70046, 70048, 70049, 70050, 70056, 70057, 70063, 70067, 70091, 70089, 70093, 30290, 70123, 70126, 70127, 70149, 70156, 70155, 70160, 70157, 70159, 70162, 70164, 70163, 70165, 70181, 70215, 70222, 70227, 70251, 70257, 70258, 70259, 70267, 70273, 70281, 70286, 70288, 70287, 70289, 70296, 70304, 70315, 70319, 70318, 70328, 70332, 70337, 70338, 70340, 70343, 70341, 70342, 70346, 70347, 70350, 70351, 70356, 70360, 70363, 77021, 40553, 77028, 40564, 77056, 77062, 77088, 77121, 77133, 77144, 77153, 77165, 77246, 77258, 77088, 77121, 77133, 77144, 77153, 77165, 77246, 77258, 
-------------------------------------------------------------
No Equipment:
No issues
-------------------------------------------------------------
Additional Photos Show 'No Foto':
No issues
-------------------------------------------------------------
No Auction Sheet:
No issues
-------------------------------------------------------------
