#############################################################
USS Nagoya Errors: 

Data Collection lasted for 55 minutes and 4.3 seconds.
Error checking completed within 1.0 seconds.
Finished checking on Friday, 14. June 2019 08:06AM 
#############################################################

No Main Image:
No issues
-------------------------------------------------------------
Japanese Characters:
No issues
-------------------------------------------------------------
Unknown Year/Make/Model:
112344407, 112348789, 112354493, 112342037, 112344368, 112344296, 112341816, 112342014, 112354143, 112342003, 112344377, 112337469, 112347475, 112343680, 112359377, 112343121, 112341992, 112341835, 112354775, 112343570, 112336298, 112341731, 112354635, 112343135, 112336241, 112343262, 112337755, 112354639, 112341934, 112341782, 112354643, 112359413, 112342082, 112342038, 112344238, 112342042, 112341784, 112354595, 112344432, 112342102, 112353688, 112342046, 112342049, 112347413, 112357868, 112342043, 112344244, 112354598, 112342207, 112351402, 112344390, 112342047, 112354612, 112341776, 112342048, 112344262, 112357837, 112354596, 112342021, 112357878, 112342045, 112353685, 112354879, 112348665, 112341730, 112353686, 112338230, 112342201, 112347412, 112341364, 112341424, 112343702, 112348667, 112357870, 

Shuppin: 

58219, 58046, 11296, 20372, 58177, 58084, 20118, 20348, 58376, 20337, 58188, 50434, 4344, 40651, 20608, 40056, 20326, 20140, 40960, 40535, 17086, 20028, 20536, 40070, 17017, 40197, 50772, 20540, 20257, 20085, 20545, 58413, 20426, 20373, 58015, 20377, 20087, 20473, 58245, 20449, 20251, 20382, 20386, 20384, 20586, 20379, 58022, 20476, 25108, 58090, 58202, 20383, 20499, 20079, 20385, 58045, 20478, 20474, 20355, 20600, 20381, 20241, 58407, 20153, 20027, 20245, 35146, 25101, 20378, 11150, 11226, 40671, 20164, 20589, 
-------------------------------------------------------------
Unknown Chassis Prefix:
112341915, 112341934, 112357875, 112359365, 112341782, 112344640, 112359513, 112344495, 112354643, 112359413, 112341850, 112342082, 112342038, 112344238, 112342042, 112342175, 112357388, 112341784, 112341779, 112342065, 112354595, 112341775, 112341344, 112344247, 112344432, 112342102, 112353688, 112342046, 112342049, 112347413, 112357868, 112342043, 112344244, 112354598, 112341781, 112343144, 112342207, 112351402, 112344390, 112342050, 112342047, 112354612, 112341776, 112342048, 112344262, 112357837, 112354596, 112342021, 112341847, 112354594, 112341881, 112357878, 112342045, 112353685, 112354597, 112354879, 112341901, 112341778, 112342062, 112344443, 112348665, 112341730, 112353686, 112341777, 112338230, 112342044, 112353694, 112341714, 112341848, 112354601, 112353690, 112354140, 112342041, 112341989, 112342201, 112347412, 

Shuppin: 

20233, 20257, 20595, 20541, 20085, 60129, 25138, 58318, 20545, 58413, 20157, 20426, 20373, 58015, 20377, 25072, 20362, 20087, 20082, 20405, 20473, 20078, 11130, 58027, 58245, 20449, 20251, 20382, 20386, 20384, 20586, 20379, 58022, 20476, 20084, 40080, 25108, 58090, 58202, 20387, 20383, 20499, 20079, 20385, 58045, 20478, 20474, 20355, 20154, 20472, 20194, 20600, 20381, 20241, 20475, 58407, 20217, 20081, 20402, 58258, 20153, 20027, 20245, 20080, 35146, 20380, 20285, 20009, 20155, 20480, 20263, 58373, 20376, 20323, 25101, 20378, 
-------------------------------------------------------------
No Transmission/Color/Fuel Type:
112354493, 112341816, 112341733, 112354470, 112354143, 112341882, 112344377, 112354288, 112343880, 112359377, 112354775, 112354446, 112354634, 112336603, 112336528, 112354635, 112342095, 112343047, 112343135, 112343018, 112354585, 112354639, 112341915, 112341934, 112357875, 112359365, 112341782, 112344640, 112359513, 112344495, 112354643, 112359413, 112341850, 112342082, 112342038, 112344238, 112342042, 112342175, 112357388, 112341784, 112341779, 112342065, 112354595, 112341775, 112341344, 112344247, 112344432, 112342102, 112353688, 112342046, 112342049, 112347413, 112357868, 112342043, 112344244, 112354598, 112341781, 112343144, 112342207, 112351402, 112344390, 112342050, 112342047, 112354612, 112341776, 112342048, 112344262, 112357837, 112354596, 112342021, 112341847, 112354594, 112341881, 112357878, 112342045, 112353685, 112354597, 112354879, 112341901, 112341778, 112342062, 112344443, 112348665, 112341730, 112353686, 112341777, 112338230, 112342044, 112353694, 112341714, 112341848, 112354601, 112353690, 112354140, 112342041, 112341989, 112342201, 112347412, 112351325, 112354779, 112357870, 112344323, 

Shuppin: 

11296, 20118, 20030, 11270, 58376, 20195, 58188, 655, 40871, 20608, 40960, 1008, 20531, 8029, 50088, 20536, 20442, 3966, 40070, 3932, 20301, 20540, 20233, 20257, 20595, 20541, 20085, 60129, 25138, 58318, 20545, 58413, 20157, 20426, 20373, 58015, 20377, 25072, 20362, 20087, 20082, 20405, 20473, 20078, 11130, 58027, 58245, 20449, 20251, 20382, 20386, 20384, 20586, 20379, 58022, 20476, 20084, 40080, 25108, 58090, 58202, 20387, 20383, 20499, 20079, 20385, 58045, 20478, 20474, 20355, 20154, 20472, 20194, 20600, 20381, 20241, 20475, 58407, 20217, 20081, 20402, 58258, 20153, 20027, 20245, 20080, 35146, 20380, 20285, 20009, 20155, 20480, 20263, 58373, 20376, 20323, 25101, 20378, 40520, 40964, 20589, 58115, 
-------------------------------------------------------------
No Equipment:
No issues
-------------------------------------------------------------
Additional Photos Show 'No Foto':
No issues
-------------------------------------------------------------
No Auction Sheet:
No issues
-------------------------------------------------------------
