#############################################################
CAA ORIX Atsugi (Tender) Errors: 

Data Collection lasted for 3 minutes and 50.3 seconds.
Error checking completed within 12 minutes and 8.3 seconds.
Finished checking on Tuesday, 16. April 2019 08:15PM 
#############################################################

No Main Image:
111227387, 111227400, 111227492, 111227450, 111227655, 111227484, 111227668, 111227381, 111227676, 111227358, 111227390, 111227520, 111227510, 111227417, 111227425, 111227422, 111227414, 111227416, 111227420, 111227423, 111227412, 111227418, 111227421, 111227316, 111227639, 111227663, 111227403, 111227627, 111227629, 111227594, 111222365, 111227431, 111227366, 111227439, 111227667, 111227361, 111227362, 111227571, 111227583, 111227303, 111227304, 111227660, 111227357, 111227497, 111227505, 111227306, 111227555, 111227672, 111227674, 111227621, 111227635, 111227495, 111230203, 111227661, 111227469, 111227360, 111227651, 111227449, 111227554, 111227609, 111227459, 111225701, 111222370, 111227498, 111227393, 111227330, 111227480, 111227617, 111227616, 111227323, 111227413, 111227433, 111227432, 111227479, 111227452, 111227626, 111227671, 111227478, 111227527, 111227509, 111227528, 111227613, 111227547, 111227348, 111227612, 111227477, 111227411, 

Shuppin: 

1108, 112, 2012, 161, 70, 2002, 85, 1100, 94, 1079, 1110, 2048, 2034, 128, 135, 132, 125, 127, 130, 133, 123, 129, 131, 1030, 51, 80, 113, 37, 39, 2134, 2024, 140, 1087, 150, 84, 1081, 1082, 2113, 2124, 1017, 1018, 77, 1078, 2018, 203, 1020, 2095, 89, 92, 31, 48, 2015, 100, 78, 180, 1080, 66, 160, 2094, 222, 17, 1085, 2053, 202, 1113, 1051, 197, 28, 27, 104, 124, 142, 141, 196, 163, 36, 88, 19, 2060, 2033, 2061, 24, 2087, 1068, 23, 189, 122, 
-------------------------------------------------------------
Japanese Characters:
No issues
-------------------------------------------------------------
Unknown Year/Make/Model:
No issues
-------------------------------------------------------------
Unknown Chassis Prefix:
No issues
-------------------------------------------------------------
No Transmission/Color/Fuel Type:
111227444, 

Shuppin: 

155, 
-------------------------------------------------------------
No Equipment:
No issues
-------------------------------------------------------------
Additional Photos Show 'No Foto':
No issues
-------------------------------------------------------------
No Auction Sheet:
No issues
-------------------------------------------------------------
