#############################################################
Isuzu Makuhari Errors: 

Data Collection lasted for 3 minutes and 30.7 seconds.
Error checking completed within 12 minutes and 40.6 seconds.
Finished checking on Tuesday, 16. April 2019 07:42PM 
#############################################################

No Main Image:
No issues
-------------------------------------------------------------
Japanese Characters:
No issues
-------------------------------------------------------------
Unknown Year/Make/Model:
111225783, 111225816, 111220829, 111220835, 111225758, 111240740, 111220778, 111222602, 

Shuppin: 

188, 536, 556, 567, 154, 649, 2, 37, 
-------------------------------------------------------------
Unknown Chassis Prefix:
No issues
-------------------------------------------------------------
No Transmission/Color/Fuel Type:
111225816, 111225815, 111220829, 111220810, 111225839, 111220815, 111218079, 111220835, 111225824, 111225773, 111225859, 111225832, 111225758, 111240736, 111220778, 111222602, 111220786, 

Shuppin: 

536, 529, 556, 520, 599, 531, 509, 567, 558, 175, 64, 590, 154, 641, 2, 37, 32, 
-------------------------------------------------------------
No Equipment:
No issues
-------------------------------------------------------------
Additional Photos Show 'No Foto':
No issues
-------------------------------------------------------------
No Auction Sheet:
111225749, 111225871, 111225754, 111225780, 111225761, 111243824, 111225783, 111218085, 111218084, 111225855, 111218078, 111225816, 111225815, 111220828, 111225856, 111225854, 111225826, 111220847, 111220829, 111220827, 111220833, 111225837, 111220822, 111225836, 111225745, 111225874, 111225806, 111225763, 111225875, 111225775, 111225872, 111243827, 111225752, 111225742, 111220813, 111240734, 111220801, 111240728, 111220810, 111225850, 111220800, 111240743, 111220803, 111220836, 111225835, 111225863, 111225839, 111220837, 111240738, 111225847, 111220811, 111240735, 111220821, 111240733, 111220817, 111225841, 111225801, 111225868, 111225821, 111225740, 111225778, 111225782, 111225810, 111240688, 111225737, 111225866, 111225738, 111225791, 111225792, 111225865, 111225741, 111225870, 111225744, 111225766, 111225748, 111240689, 111225804, 111225743, 111225762, 111225799, 111225755, 111225747, 111225860, 111225777, 111225867, 111225802, 111225753, 111225798, 111225739, 111225862, 111225869, 111225756, 111225803, 111225800, 111225861, 111225840, 111225873, 111240721, 111243834, 111225831, 111225795, 111220825, 111218095, 111225822, 111225848, 111225851, 111218087, 111218076, 111218088, 111225811, 111218081, 111225830, 111225823, 111225827, 111225820, 111218083, 111225818, 111218094, 111225812, 111220830, 111225829, 111220842, 111220840, 111220807, 111220823, 111220851, 111220849, 111220832, 111225843, 111220798, 111220804, 111220834, 111220824, 111220820, 111220844, 111220826, 111220802, 111220799, 111220806, 111220841, 111220816, 111220808, 111220809, 111220812, 111220805, 111225852, 111218089, 111225828, 111225833, 111225844, 111220815, 111220839, 111220814, 111225842, 111225849, 111225845, 111218093, 111240739, 111218090, 111225819, 111225853, 111225814, 111218079, 111240732, 111225858, 111225817, 111220835, 111220845, 111218091, 111218086, 111220818, 111220843, 111243825, 111218069, 111218075, 111240725, 111240698, 111225772, 111218068, 111240703, 111225760, 111218097, 111218070, 111218067, 111225824, 111225838, 111225768, 111218073, 111225773, 111225859, 111218074, 111225794, 111225793, 111225832, 111243840, 111243843, 111243841, 111240729, 111243844, 111243845, 111218082, 111243842, 111225846, 111225825, 111243846, 111243847, 111220777, 111220859, 111220868, 111220862, 111220763, 111225759, 111220765, 111220746, 111220776, 111225781, 111220782, 111220796, 111220795, 111225770, 111220745, 111220761, 111225764, 111220752, 111220784, 111220744, 111225789, 111225779, 111220770, 111220863, 111220772, 111220794, 111225771, 111220775, 111225784, 111220787, 111220785, 111220774, 111220858, 111220771, 111225767, 111220857, 111220764, 111225765, 111220797, 111225796, 111220757, 111220781, 111220783, 111220747, 111225758, 111220769, 111225750, 111225797, 111225757, 111220788, 111220848, 111220766, 111220860, 111220850, 111225769, 111220753, 111220856, 111220756, 111220767, 111220780, 111220791, 111220792, 111220758, 111225786, 111220768, 111220748, 111220838, 111220831, 111220789, 111220867, 111220864, 111225785, 111225788, 111220754, 111220750, 111220749, 111220790, 111220755, 111220760, 111220866, 111218077, 111218080, 111240727, 111225834, 111243831, 111225808, 111220819, 111225746, 111225805, 111225809, 111225807, 111240740, 111218096, 111218071, 111225864, 111222605, 111222604, 111243833, 111243829, 111225751, 111243839, 111243837, 111243838, 111240686, 111218072, 111220778, 111222599, 111240712, 111240711, 111222594, 111240724, 111240705, 111220793, 111222610, 111220861, 111220773, 111220869, 111240681, 111222595, 111240690, 111243826, 111220854, 111243828, 111220853, 111225774, 111243830, 111220852, 111243823, 111222602, 111220855, 111222607, 111222603, 111222600, 111243822, 111222608, 111220779, 111220751, 111220759, 111243832, 111220846, 111222611, 111220762, 111220865, 111243835, 111222598, 111222601, 111222609, 111222606, 111220786, 111222596, 111240707, 111240716, 111225776, 111240691, 111225787, 111240692, 111240685, 111240694, 111222597, 

Shuppin: 

141, 90, 15, 185, 158, 240, 188, 539, 533, 625, 504, 536, 529, 555, 627, 621, 584, 601, 556, 553, 564, 595, 543, 594, 128, 95, 5003, 16, 98, 178, 91, 259, 146, 119, 528, 635, 507, 597, 520, 616, 506, 664, 510, 568, 593, 73, 599, 569, 645, 612, 521, 637, 541, 613, 534, 600, 35, 87, 55, 117, 183, 187, 51, 202, 101, 81, 108, 199, 20, 76, 118, 89, 123, 164, 140, 203, 48, 120, 159, 3, 150, 14, 68, 181, 85, 41, 149, 222, 113, 71, 88, 152, 46, 30, 70, 60, 92, 3012, 3010, 59, 21, 550, 624, 552, 614, 617, 545, 502, 561, 514, 523, 589, 554, 585, 548, 526, 542, 622, 516, 559, 588, 576, 572, 517, 546, 623, 611, 563, 603, 501, 511, 565, 549, 538, 579, 551, 508, 505, 513, 573, 532, 518, 519, 522, 512, 618, 562, 587, 591, 606, 531, 570, 530, 602, 615, 609, 581, 647, 571, 547, 620, 527, 509, 608, 633, 540, 567, 580, 574, 544, 535, 577, 244, 124, 36, 3016, 218, 173, 122, 226, 156, 97, 130, 109, 558, 596, 167, 28, 175, 64, 34, 209, 208, 590, 626, 669, 639, 598, 671, 681, 525, 642, 610, 566, 695, 702, 19, 79, 96, 82, 131, 155, 133, 100, 18, 186, 25, 49, 47, 171, 10, 129, 160, 107, 29, 1, 194, 184, 151, 83, 161, 45, 172, 176, 189, 33, 31, 17, 77, 157, 166, 7, 132, 162, 50, 210, 121, 24, 26, 102, 154, 142, 144, 220, 153, 38, 61, 134, 8, 62, 170, 112, 69, 116, 138, 23, 40, 42, 125, 191, 139, 103, 57, 56, 39, 94, 84, 190, 193, 114, 105, 104, 4, 115, 127, 93, 503, 515, 586, 592, 283, 5007, 537, 135, 5002, 5009, 5005, 649, 9, 179, 74, 5008, 5004, 291, 270, 145, 5016, 5012, 5014, 200, 27, 2, 148, 251, 246, 110, 3015, 228, 44, 75, 80, 163, 99, 168, 12, 204, 258, 66, 265, 65, 177, 279, 63, 205, 37, 67, 54, 43, 182, 197, 58, 22, 106, 126, 289, 6, 78, 13, 86, 3017, 143, 219, 72, 53, 32, 136, 231, 3006, 180, 206, 192, 207, 198, 214, 137, 
-------------------------------------------------------------
