#############################################################
AucNet AucMon Errors: 

Data Collection lasted for 7 minutes and 17.4 seconds.
Error checking completed within 0.1 seconds.
Finished checking on Monday, 13. May 2019 09:41AM 
#############################################################

No Main Image:
No issues
-------------------------------------------------------------
Japanese Characters:
111652873, 111636958, 111636968, 111636961, 111637177, 111636821, 111637149, 111636571, 111636673, 111636940, 111637280, 111637365, 111637344, 111636983, 111636984, 111636521, 

Shuppin: 

19907, 18091, 18101, 18094, 25052, 16021, 25024, 10532, 11091, 18074, 30053, 34002, 32006, 20008, 20009, 10028, 
-------------------------------------------------------------
Unknown Year/Make/Model:
111637267, 111637389, 111637279, 111637253, 111637287, 111637268, 111637249, 111637257, 111652873, 111652874, 111643982, 111643985, 111643974, 111636961, 111636884, 111636956, 111642985, 111636846, 111636914, 111636944, 111636885, 111636932, 111636942, 111637184, 111636681, 111636683, 111637162, 111637277, 111647015, 111637290, 111637409, 111637386, 111647013, 111637293, 111637289, 111636744, 111636965, 111637304, 111637380, 111637522, 111636703, 111647016, 111636550, 111637368, 111637280, 111637367, 111637281, 111637278, 111637369, 111637383, 111637254, 111637332, 111637384, 111637246, 111645080, 111637375, 111637542, 111637284, 111637308, 111637303, 111637299, 111637337, 111637467, 111637418, 111637377, 111637460, 111637449, 111637424, 111637438, 111648365, 111637378, 111637505, 111637294, 111637468, 111637298, 111637458, 111648356, 111648357, 111637423, 111637459, 111637411, 111637410, 111637443, 111648364, 111648358, 111648347, 111637481, 111648361, 111637448, 111637444, 111637422, 111648349, 111648350, 111637525, 111648360, 111648353, 111637414, 111637454, 111637523, 111648362, 111637462, 111637524, 111637490, 111637510, 111637436, 111637453, 111637408, 111637275, 111637271, 111637442, 111637489, 111637428, 111637469, 111660245, 111637374, 111637376, 111637471, 111637502, 111637434, 111648348, 111637499, 111637475, 111648354, 111637504, 111648359, 111637446, 111637317, 111637316, 111637463, 111637425, 111637229, 111648351, 111637314, 111637500, 111637366, 111637511, 111637491, 111637506, 111637509, 111637488, 111637501, 111637441, 111637503, 111637382, 111648355, 111637486, 111648352, 111637439, 111637230, 111637416, 111637464, 111637480, 111637451, 111637315, 111637476, 111637450, 111637477, 111637407, 111637419, 111637479, 111637427, 111636546, 111637420, 111637487, 111637465, 111637507, 111637513, 111637536, 111637474, 111637273, 111637417, 111637421, 111637270, 111637260, 111648363, 111637478, 111637512, 111637508, 111637470, 111637242, 111637305, 111637387, 111636584, 111637364, 111637232, 111637342, 111637447, 111637395, 111637247, 111637252, 111637265, 111637248, 111637335, 111637398, 111637321, 111637343, 111637334, 111660246, 111637341, 111637340, 111636642, 111637320, 111637457, 111637282, 111637365, 111637306, 111637331, 111637319, 111637344, 111647012, 111637336, 111645079, 111637322, 111637318, 111637345, 111637353, 111660247, 111637283, 111637333, 111637323, 111637237, 111637235, 111637258, 111637243, 111647014, 111637385, 111637412, 111637494, 111637302, 111637310, 111637415, 111637406, 111637466, 111636545, 111637255, 111637295, 111637250, 111637429, 111637495, 111637297, 111637351, 111637440, 111637435, 111637473, 111637261, 111637300, 111637498, 111637433, 111637497, 111637432, 111637430, 111637234, 111637274, 111637493, 111637301, 111637472, 111637496, 111637309, 111637492, 111637240, 111637426, 111637262, 111637431, 111637241, 111637251, 111637233, 111637238, 111637244, 111637352, 111637266, 111637263, 111637245, 111637286, 111637264, 111637236, 111637231, 111637259, 111637239, 111637326, 111636552, 111637346, 111637296, 111636704, 111637527, 111637288, 111637354, 111637531, 111636607, 111636586, 111637456, 111637291, 111637292, 111637325, 111637269, 111637324, 111637388, 111637285, 111637272, 111637526, 111637355, 111637276, 111637256, 111636538, 

Shuppin: 

30040, 35016, 30052, 30026, 30060, 30041, 30021, 30030, 19907, 19908, 35019, 35027, 18013, 18094, 18009, 18089, 20005, 17005, 18047, 18078, 18010, 18066, 18076, 25059, 11099, 11101, 25037, 30050, 32001, 30063, 36004, 35013, 30508, 30066, 30062, 14006, 18098, 30077, 35007, 37005, 12001, 34006, 10508, 34005, 30053, 34004, 30054, 30051, 34007, 35010, 30027, 31002, 35011, 30018, 39002, 35002, 37027, 30057, 30080, 30076, 30072, 31007, 36077, 36013, 35004, 36070, 36059, 36029, 36048, 36533, 35005, 36521, 30067, 36080, 30071, 36068, 36033, 36034, 36028, 36069, 36006, 36005, 36053, 36532, 36035, 36015, 36093, 36503, 36058, 36054, 36027, 36017, 36019, 37008, 36037, 36023, 36009, 36064, 37006, 36530, 36072, 37007, 36506, 36526, 36046, 36063, 36003, 30048, 30044, 36052, 36505, 36038, 36081, 33001, 35001, 35003, 36083, 36518, 36044, 36016, 36515, 36087, 36024, 36520, 36036, 36056, 30504, 30503, 36073, 36030, 30001, 36021, 30501, 36516, 34003, 36527, 36507, 36522, 36525, 36504, 36517, 36051, 36519, 35009, 36025, 36501, 36022, 36049, 30002, 36011, 36074, 36092, 36061, 30502, 36088, 36060, 36089, 36002, 36014, 36091, 36032, 10504, 36020, 36502, 36075, 36523, 36529, 37019, 36086, 30046, 36012, 36026, 30043, 30033, 36531, 36090, 36528, 36524, 36082, 30014, 30078, 35014, 10545, 34001, 30004, 32004, 36057, 35032, 30019, 30025, 30038, 30020, 31005, 35035, 30509, 32005, 31004, 33002, 32003, 32002, 11060, 30507, 36067, 30055, 34002, 30079, 31001, 30506, 32006, 30023, 31006, 39001, 30510, 30505, 32007, 33006, 33003, 30056, 31003, 30511, 30009, 30007, 30031, 30015, 30513, 35012, 36007, 36510, 30075, 30082, 36010, 36001, 36076, 10503, 30028, 30068, 30022, 36039, 36511, 30070, 33004, 36050, 36045, 36085, 30034, 30073, 36514, 36043, 36513, 36042, 36040, 30006, 30047, 36509, 30074, 36084, 36512, 30081, 36508, 30012, 36031, 30035, 36041, 30013, 30024, 30005, 30010, 30016, 33005, 30039, 30036, 30017, 30059, 30037, 30008, 30003, 30032, 30011, 30515, 10511, 32008, 30069, 12002, 37010, 30061, 33007, 37014, 11021, 10547, 36066, 30064, 30065, 30514, 30042, 30512, 35015, 30058, 30045, 37009, 33008, 30049, 30029, 10045, 
-------------------------------------------------------------
Unknown Chassis Prefix:
No issues
-------------------------------------------------------------
No Transmission/Color/Fuel Type:
111637253, 111637257, 111643975, 111643976, 111643978, 111643971, 111643982, 111643985, 111643974, 111636956, 111636944, 111636885, 111637184, 111636681, 111636683, 111647015, 111647013, 111637289, 111636744, 111643984, 111643979, 111647016, 111648365, 111648356, 111648357, 111648364, 111648358, 111648347, 111648361, 111648349, 111648350, 111648360, 111648353, 111648362, 111660245, 111648348, 111648354, 111648359, 111648351, 111648355, 111648352, 111648363, 111637478, 111637512, 111637508, 111637232, 111637248, 111660246, 111647012, 111637322, 111660247, 111637323, 111637235, 111647014, 111637310, 111637255, 111637231, 111643972, 111643973, 111643970, 

Shuppin: 

30026, 30030, 18014, 18015, 18020, 11047, 35019, 35027, 18013, 18089, 18078, 18010, 25059, 11099, 11101, 32001, 30508, 30062, 14006, 35024, 18021, 34006, 36533, 36033, 36034, 36532, 36035, 36015, 36503, 36017, 36019, 36037, 36023, 36530, 33001, 36016, 36024, 36036, 36021, 36025, 36022, 36531, 36090, 36528, 36524, 30004, 30020, 33002, 30023, 30510, 33003, 30511, 30007, 30513, 30082, 30028, 30003, 18011, 18012, 11045, 
-------------------------------------------------------------
No Equipment:
No issues
-------------------------------------------------------------
Additional Photos Show 'No Foto':
No issues
-------------------------------------------------------------
No Auction Sheet:
No issues
-------------------------------------------------------------
