#############################################################
Arai Van Truck Errors: 

Data Collection lasted for 20 minutes and 19.6 seconds.
Error checking completed within 0.2 seconds.
Finished checking on Friday, 17. May 2019 11:42PM 
#############################################################

No Main Image:
No issues
-------------------------------------------------------------
Japanese Characters:
111753822, 111788287, 111788722, 111753629, 

Shuppin: 

4679, 5837, 7263, 1319, 
-------------------------------------------------------------
Unknown Year/Make/Model:
111787763, 111765903, 111765550, 111760864, 111744724, 111788388, 111765910, 111765975, 111787602, 111744686, 111787597, 111788513, 111766061, 111765919, 111781213, 111787973, 111765860, 111753772, 111753774, 111753779, 111765994, 111787828, 111783634, 111788552, 111788029, 111765823, 111781167, 111753819, 111787512, 111793550, 111788333, 111765847, 111793627, 111788918, 111788601, 111787978, 111765799, 111753759, 111787569, 111788065, 111788360, 111766053, 111788065, 111788360, 111766053, 111787507, 111781223, 111788234, 111753263, 111788607, 111787961, 111781191, 111753252, 111744709, 111788608, 111765848, 111788359, 111794302, 111787913, 111765843, 111788202, 111788287, 111787911, 111744667, 111753847, 111788545, 111787537, 111781156, 111788539, 111765608, 111744673, 

Shuppin: 

4003, 5251, 3240, 2815, 8321, 5941, 5259, 5725, 2838, 4637, 2832, 6074, 8343, 5280, 5338, 5419, 5157, 4520, 4522, 4527, 5745, 4573, 6763, 6116, 5483, 5109, 4531, 4676, 1343, 3628, 5885, 5135, 8797, 951, 6172, 5424, 4550, 4501, 2567, 5520, 5913, 8335, 5520, 5913, 8335, 1338, 5354, 5783, 4636, 6178, 5407, 5087, 4508, 6709, 6179, 5137, 5912, 6209, 5315, 5130, 5690, 5837, 5311, 1316, 4723, 6108, 2531, 3480, 6101, 3312, 3057, 
-------------------------------------------------------------
Unknown Chassis Prefix:
No issues
-------------------------------------------------------------
No Transmission/Color/Fuel Type:
111787763, 111765903, 111765550, 111787632, 111765682, 111758156, 111787643, 111760864, 111744724, 111788388, 111765910, 111783615, 111788067, 111787602, 111788507, 111744686, 111787597, 111788513, 111781194, 111766085, 111753822, 111766061, 111765919, 111781213, 111787973, 111765860, 111753772, 111753774, 111788315, 111793629, 111766082, 111788045, 111765994, 111788286, 111765841, 111791126, 111783634, 111788190, 111788552, 111793549, 111788230, 111787985, 111788432, 111788029, 111765823, 111781167, 111753833, 111765894, 111753819, 111788246, 111787512, 111781225, 111788351, 111781163, 111753244, 111753851, 111793550, 111781257, 111788524, 111788333, 111788108, 111793581, 111788253, 111765986, 111788605, 111765847, 111793627, 111765935, 111791132, 111787919, 111788551, 111765967, 111788495, 111753806, 111788918, 111788200, 111788601, 111787978, 111788466, 111788273, 111788244, 111787857, 111765505, 111765799, 111753759, 111787569, 111766053, 111788248, 111781189, 111794305, 111766053, 111794333, 111794290, 111794341, 111788248, 111781189, 111794312, 111787507, 111781223, 111788234, 111787982, 111765881, 111788156, 111753263, 111788607, 111787961, 111788559, 111793580, 111758179, 111753261, 111788004, 111788276, 111788441, 111781191, 111788477, 111753252, 111744709, 111788534, 111788608, 111765848, 111788359, 111794302, 111791120, 111765925, 111788445, 111788343, 111787931, 111788494, 111787913, 111788263, 111765843, 111787866, 111781224, 111788063, 111788202, 111788287, 111760875, 111788362, 111788104, 111787946, 111787911, 111744667, 111753847, 111753823, 111788545, 111783656, 111788035, 111788471, 111787537, 111744684, 111787999, 111758180, 111787893, 111765866, 111787506, 111744701, 111744690, 111788404, 111758187, 111753281, 111794257, 111794272, 111753658, 111765766, 111765760, 111781156, 111753652, 111754002, 111787664, 111788299, 111788413, 111781198, 111765909, 111765861, 111765944, 111765905, 111788321, 111758168, 111765821, 111753817, 111788444, 111765846, 111788539, 111765608, 111758216, 111744673, 111788855, 111765588, 111765650, 111787495, 

Shuppin: 

4003, 5251, 3240, 3372, 3441, 3207, 3403, 2815, 8321, 5941, 5259, 5348, 5522, 2838, 6068, 4637, 2832, 6074, 5090, 8370, 4679, 8343, 5280, 5338, 5419, 5157, 4520, 4522, 5867, 8800, 8366, 5499, 5745, 5835, 5128, 8402, 6763, 5672, 6116, 3627, 5779, 5432, 5989, 5483, 5109, 4531, 4695, 5233, 4676, 5795, 1343, 5357, 5903, 3577, 3178, 4730, 3628, 8313, 6085, 5885, 5566, 8421, 5802, 5737, 6176, 5135, 8797, 5638, 8410, 5330, 6115, 5716, 6055, 4657, 951, 5687, 6172, 5424, 6026, 5822, 5793, 5203, 2818, 4550, 4501, 2567, 8335, 5797, 5085, 6214, 8335, 8415, 6188, 8435, 5797, 5085, 6229, 1338, 5354, 5783, 5428, 5179, 5616, 4636, 6178, 5407, 6123, 8417, 5012, 4624, 5452, 5825, 6000, 5087, 6037, 4508, 6709, 6095, 6179, 5137, 5912, 6209, 8395, 5286, 6004, 5895, 5366, 6054, 5315, 5812, 5130, 5222, 5355, 5518, 5690, 5837, 5136, 5915, 5562, 5390, 5311, 1316, 4723, 4681, 6108, 6802, 5489, 6031, 2531, 4628, 5447, 5013, 5270, 5164, 1337, 4724, 4645, 5960, 5020, 4708, 4047, 4074, 3025, 3566, 3560, 3480, 3010, 8713, 3483, 5850, 5969, 5194, 5258, 5159, 5649, 5254, 5873, 5001, 5107, 4673, 6003, 5133, 6101, 3312, 5060, 3057, 7911, 3290, 3388, 1073, 
-------------------------------------------------------------
No Equipment:
No issues
-------------------------------------------------------------
Additional Photos Show 'No Foto':
No issues
-------------------------------------------------------------
No Auction Sheet:
No issues
-------------------------------------------------------------
