#############################################################
USS Nagoya Errors: 

Data Collection lasted for 25 minutes and 25.7 seconds.
Error checking completed within 0.1 seconds.
Finished checking on Friday, 13. September 2019 06:27AM 
#############################################################

No Main Image:
No issues
-------------------------------------------------------------
Japanese Characters:
No issues
-------------------------------------------------------------
Unknown Year/Make/Model:
114035774, 114035772, 114037136, 114035776, 114040003, 114035943, 

Shuppin: 

20399, 20397, 35003, 20401, 20414, 58134, 
-------------------------------------------------------------
Unknown Chassis Prefix:
114035453, 114035788, 114027729, 114040029, 114035744, 114035648, 114035863, 114040081, 114040066, 114035450, 114040000, 114035727, 114035705, 114035862, 114035710, 114035693, 114041609, 114035761, 114035861, 114035640, 114035524, 114035457, 114041614, 114040060, 114035454, 114036007, 114037189, 114037421, 114040036, 114035771, 114035704, 114035769, 114035720, 114035726, 114041346, 114041347, 114035655, 114035724, 114041336, 114035605, 114035554, 114035808, 114035449, 114036092, 114037710, 114033297, 114040042, 114035675, 114036119, 114035776, 114033259, 114036062, 114037358, 114035840, 114040061, 114035702, 114035452, 114041680, 114035839, 114035838, 114035854, 114037185, 114036051, 114036118, 114035519, 114036077, 114035451, 114035906, 114036080, 114035600, 

Shuppin: 

20053, 20416, 25077, 20449, 20366, 20262, 58045, 25022, 20552, 20050, 20357, 20348, 20326, 58044, 20331, 20314, 20652, 20385, 20556, 20253, 20125, 20057, 20665, 20546, 20054, 58202, 35060, 11249, 20500, 20396, 20325, 20394, 20341, 20347, 20588, 20589, 20270, 20345, 20578, 20217, 20161, 20465, 20049, 58289, 40300, 58042, 20526, 20294, 58316, 20401, 43004, 58259, 11151, 20502, 20547, 20323, 20052, 43008, 20501, 20499, 20521, 35055, 58247, 58315, 20120, 58274, 20051, 58092, 58277, 20212, 
-------------------------------------------------------------
No Transmission/Color/Fuel Type:
114041363, 114035968, 114035682, 114028854, 114041793, 114039681, 114029177, 114040159, 114037483, 114040438, 114035453, 114035788, 114027729, 114040029, 114035744, 114035648, 114035863, 114040081, 114040066, 114035450, 114040000, 114035727, 114035705, 114035862, 114035710, 114035693, 114041609, 114035761, 114035861, 114035640, 114035524, 114035457, 114041614, 114040060, 114035454, 114036007, 114037189, 114037421, 114040036, 114035771, 114035704, 114035769, 114035720, 114035726, 114041346, 114041347, 114035655, 114035724, 114041336, 114035605, 114035554, 114035808, 114035449, 114036092, 114037710, 114033297, 114040042, 114035675, 114036119, 114035776, 114033259, 114036062, 114037358, 114035840, 114040061, 114035702, 114035452, 114041680, 114035839, 114035838, 114035854, 114037185, 114036051, 114036118, 114035519, 114036077, 114035451, 114035906, 114036080, 114035600, 

Shuppin: 

20605, 58163, 20301, 60118, 60318, 40707, 55224, 3933, 40029, 60271, 20053, 20416, 25077, 20449, 20366, 20262, 58045, 25022, 20552, 20050, 20357, 20348, 20326, 58044, 20331, 20314, 20652, 20385, 20556, 20253, 20125, 20057, 20665, 20546, 20054, 58202, 35060, 11249, 20500, 20396, 20325, 20394, 20341, 20347, 20588, 20589, 20270, 20345, 20578, 20217, 20161, 20465, 20049, 58289, 40300, 58042, 20526, 20294, 58316, 20401, 43004, 58259, 11151, 20502, 20547, 20323, 20052, 43008, 20501, 20499, 20521, 35055, 58247, 58315, 20120, 58274, 20051, 58092, 58277, 20212, 
-------------------------------------------------------------
No Equipment:
No issues
-------------------------------------------------------------
Additional Photos Show 'No Foto':
No issues
-------------------------------------------------------------
No Auction Sheet:
No issues
-------------------------------------------------------------
