#############################################################
USS Nagoya Errors: 

Data Collection lasted for 35 minutes and 38.7 seconds.
Error checking completed within 0.1 seconds.
Finished checking on Friday, 13. March 2020 06:32AM 
#############################################################

No Main Image:
No issues
-------------------------------------------------------------
Japanese Characters:
117411234, 117414624, 117414676, 117411968, 117410758, 117413901, 117414096, 117413217, 117413845, 117416309, 117414919, 117411955, 117414409, 117416119, 117410485, 117415583, 117416048, 117415558, 117416411, 117416082, 117410608, 117411298, 117411097, 117413923, 117412713, 117410564, 117413874, 117414871, 117413895, 117411031, 117412602, 117411692, 117412282, 117414490, 117414471, 117415078, 117412533, 117415383, 117415388, 117416403, 117416407, 117411771, 117411234, 117414624, 117414676, 117410758, 117414096, 117413217, 117416309, 117414919, 117416119, 117410485, 117415558, 117410608, 117411298, 117411097, 117410564, 117414871, 117411031, 117412602, 117411692, 117412282, 117414490, 117414471, 117415078, 117412533, 

Shuppin: 

20746, 58609, 60127, 35350, 1383, 51702, 55321, 51025, 51647, 8356, 60475, 35339, 55631, 80840, 11280, 80207, 80770, 80170, 8458, 80804, 11399, 20810, 20606, 51724, 463, 11355, 51676, 60431, 51697, 20437, 4295, 35067, 40676, 58400, 58348, 60619, 4219, 6411, 6416, 8450, 8454, 35169, 20746, 58609, 60127, 1383, 55321, 51025, 8356, 60475, 80840, 11280, 80170, 11399, 20810, 20606, 11355, 60431, 20437, 4295, 35067, 40676, 58400, 58348, 60619, 4219, 
-------------------------------------------------------------
Unknown Year/Make/Model:
117411094, 117411031, 117411360, 117398469, 117398512, 117398566, 117397436, 117409821, 117410099, 117410100, 117410101, 117409879, 117396525, 117397165, 117408935, 117410538, 117409018, 117409050, 117397293, 117397345, 117408679, 117413370, 117408741, 117408743, 117411149, 117411151, 117423509, 117411273, 117411518, 117411094, 117411009, 117411020, 117414532, 117411153, 117411281, 117411031, 

Shuppin: 

20602, 20437, 25088, 58035, 58080, 58134, 58198, 58274, 58291, 58331, 58339, 58363, 11121, 20010, 20036, 11330, 20196, 20303, 20357, 20411, 20423, 51177, 20511, 20513, 20661, 20663, 43013, 20785, 3286, 20602, 20276, 20331, 58506, 20665, 20793, 20437, 
-------------------------------------------------------------
Unknown Chassis Prefix:
No issues
-------------------------------------------------------------
No Transmission/Color/Fuel Type:
117410987, 117411094, 117414611, 117411086, 117414562, 117414590, 117411031, 117400841, 117399494, 117411343, 117411360, 117399601, 117398469, 117398502, 117398512, 117398536, 117398564, 117398566, 117397399, 117397436, 117397438, 117410095, 117410096, 117410097, 117410098, 117410099, 117410100, 117410101, 117410102, 117410103, 117410104, 117410105, 117410106, 117410107, 117414515, 117396514, 117396525, 117414568, 117414576, 117414585, 117397167, 117397165, 117397169, 117408935, 117410538, 117410548, 117397212, 117409016, 117397223, 117409017, 117412166, 117397222, 117409020, 117409019, 117409018, 117409021, 117410988, 117397228, 117397227, 117397240, 117397255, 117397259, 117397271, 117408652, 117397282, 117397297, 117397299, 117397324, 117397345, 117408679, 117408678, 117408692, 117408695, 117408701, 117408709, 117408710, 117408713, 117408730, 117408734, 117408737, 117408738, 117408741, 117408743, 117408747, 117408755, 117411064, 117408779, 117415927, 117408789, 117411148, 117411149, 117411147, 117411151, 117411152, 117411157, 117412287, 117411164, 117398429, 117398432, 117411235, 117423509, 117411252, 117411273, 117411292, 117411296, 117411307, 117411308, 117411090, 117423505, 117411049, 117411094, 117411086, 117414611, 117414562, 117411009, 117411206, 117411250, 117414526, 117414485, 117410986, 117411010, 117411014, 117411047, 117411059, 117411044, 117411020, 117414532, 117411153, 117411281, 117414507, 117414590, 117411150, 117410953, 117411031, 

Shuppin: 

20197, 20602, 58597, 20594, 58548, 58576, 20437, 25028, 85042, 25071, 25088, 35037, 58035, 58069, 58080, 58104, 58132, 58134, 58160, 58198, 58201, 58245, 58259, 58269, 58270, 58291, 58331, 58339, 58357, 58371, 58379, 58391, 58416, 58422, 58458, 11098, 11121, 58554, 58562, 58571, 20012, 20010, 20015, 20036, 11330, 11340, 20148, 20191, 20194, 20195, 40055, 20193, 20199, 20198, 20196, 20201, 20200, 20206, 20205, 20249, 20275, 20283, 20295, 20309, 20333, 20361, 20363, 20389, 20411, 20423, 20422, 20443, 20446, 20456, 20467, 20470, 20475, 20497, 20502, 20506, 20508, 20511, 20513, 20519, 20530, 20550, 20567, 80649, 20591, 20660, 20661, 20659, 20663, 20664, 20669, 40684, 20676, 43001, 43004, 20747, 43013, 20764, 20785, 20804, 20808, 20819, 20820, 20598, 43008, 20493, 20602, 20594, 58597, 58548, 20276, 20718, 20762, 58491, 58389, 20192, 20297, 20305, 20489, 20537, 20474, 20331, 58506, 20665, 20793, 58440, 58576, 20662, 20049, 20437, 
-------------------------------------------------------------
No Equipment:
No issues
-------------------------------------------------------------
Additional Photos Show 'No Foto':
No issues
-------------------------------------------------------------
No Auction Sheet:
No issues
-------------------------------------------------------------
