#############################################################
Isuzu Kyushu Errors: 

Data Collection lasted for 4 minutes and 33.9 seconds.
Error checking completed within 12 minutes and 35.0 seconds.
Finished checking on Wednesday, 17. April 2019 07:12PM 
#############################################################

No Main Image:
111253492, 111253452, 111253462, 111253465, 111253476, 111253483, 111253453, 111253460, 111253450, 111253435, 111253495, 111253494, 111253444, 111253442, 111253455, 111253436, 111253491, 111253449, 111253426, 111253439, 111253464, 111253434, 111253481, 111253456, 111253431, 111253458, 111253459, 111253482, 111253429, 111253472, 111253480, 111253485, 111253496, 111253443, 111253441, 111253440, 111253487, 111253475, 111253427, 111253473, 111253471, 111253489, 111253486, 111253461, 

Shuppin: 

6067, 6027, 6037, 6040, 6051, 6058, 6028, 6035, 6025, 6010, 6070, 6069, 6019, 6017, 6030, 6011, 6066, 6024, 6001, 6014, 6039, 6009, 6056, 6031, 6006, 6033, 6034, 6057, 6004, 6047, 6055, 6060, 6071, 6018, 6016, 6015, 6062, 6050, 6002, 6048, 6046, 6064, 6061, 6036, 
-------------------------------------------------------------
Japanese Characters:
No issues
-------------------------------------------------------------
Unknown Year/Make/Model:
111235159, 111235168, 111235155, 

Shuppin: 

1039, 1048, 1035, 
-------------------------------------------------------------
Unknown Chassis Prefix:
No issues
-------------------------------------------------------------
No Transmission/Color/Fuel Type:
111244326, 111253460, 111235159, 111253415, 111235168, 111265960, 111253474, 111253491, 111265929, 111251056, 111251057, 111251046, 111235155, 111253458, 111253459, 111265932, 111253471, 111241173, 111253391, 

Shuppin: 

3108, 6035, 1039, 1142, 1048, 3150, 6049, 6066, 1156, 1121, 1122, 1103, 1035, 6033, 6034, 1159, 6046, 1079, 1072, 
-------------------------------------------------------------
No Equipment:
No issues
-------------------------------------------------------------
Additional Photos Show 'No Foto':
No issues
-------------------------------------------------------------
No Auction Sheet:
111242130, 111244326, 111242137, 111251067, 111251069, 111235470, 111253447, 111265943, 111235214, 111267785, 111265959, 111265958, 111235224, 111242106, 111253428, 111265944, 111235135, 111235157, 111251048, 111251049, 111253417, 111235173, 111235185, 111235154, 111253412, 111235137, 111242100, 111251040, 111235179, 111251035, 111244329, 111253502, 111244325, 111251075, 111251083, 111251045, 111251054, 111253477, 111251039, 111235186, 111235161, 111253403, 111253400, 111253401, 111253395, 111253394, 111241170, 111253405, 111253392, 111253438, 111265923, 111235165, 111235136, 111235170, 111253410, 111242088, 111253396, 111242099, 111251082, 111251078, 111251077, 111251076, 111251074, 111244328, 111265948, 111265954, 111235197, 111265939, 111253445, 111235476, 111242135, 111235222, 111235231, 111242129, 111253414, 111253411, 111235160, 111253406, 111235183, 111235123, 111253407, 111235159, 111235139, 111235141, 111253409, 111235143, 111235144, 111235227, 111235131, 111253415, 111235168, 111235163, 111235156, 111235175, 111242102, 111265945, 111235469, 111235471, 111265951, 111253500, 111235217, 111269214, 111235199, 111265953, 111235201, 111265947, 111235198, 111235208, 111235228, 111242123, 111235475, 111242112, 111242124, 111235468, 111253448, 111269217, 111242103, 111269216, 111253432, 111235472, 111253446, 111265938, 111242101, 111251071, 111251068, 111235474, 111235209, 111235229, 111235226, 111253488, 111269215, 111235473, 111235221, 111235234, 111265960, 111253474, 111235223, 111235218, 111235237, 111235215, 111251070, 111235151, 111235206, 111253468, 111265940, 111235220, 111253433, 111265931, 111235146, 111251055, 111265926, 111265929, 111235140, 111235129, 111251056, 111251057, 111235147, 111251060, 111251051, 111242096, 111242095, 111235138, 111269213, 111242093, 111251050, 111235184, 111235128, 111235132, 111251038, 111235149, 111235178, 111251061, 111253457, 111265925, 111251053, 111241172, 111235176, 111253398, 111253416, 111242097, 111235150, 111235145, 111235130, 111253404, 111253408, 111253469, 111242091, 111253393, 111253402, 111242092, 111253399, 111235122, 111235127, 111253397, 111235174, 111251047, 111251044, 111235172, 111265935, 111265928, 111235171, 111251042, 111251043, 111235162, 111251041, 111251052, 111251046, 111242089, 111235158, 111235177, 111235134, 111251036, 111235166, 111251064, 111251065, 111251063, 111235155, 111265921, 111235133, 111269212, 111251037, 111251059, 111235124, 111265933, 111253413, 111235152, 111241174, 111242098, 111235205, 111253425, 111244330, 111242125, 111265956, 111235477, 111265932, 111265930, 111253470, 111265924, 111251058, 111235125, 111235169, 111235153, 111251062, 111235142, 111242094, 111235182, 111269211, 111235180, 111235230, 111242119, 111242108, 111235211, 111235213, 111253437, 111242109, 111235192, 111242111, 111242104, 111242121, 111242114, 111253451, 111235188, 111242131, 111235202, 111235236, 111235204, 111242132, 111235187, 111235225, 111235196, 111242105, 111235195, 111242120, 111253498, 111235190, 111235232, 111242117, 111235207, 111242107, 111242116, 111242118, 111242136, 111235203, 111235212, 111242133, 111242127, 111242128, 111242126, 111235219, 111253421, 111242122, 111242115, 111253419, 111242113, 111253422, 111253420, 111242090, 111235148, 111235181, 111235126, 111241173, 111235167, 111251079, 111251084, 111251073, 111251080, 111251085, 111253479, 111241171, 111253391, 111251072, 111253501, 111265937, 111235194, 111242110, 111235210, 111251081, 111253424, 111253499, 111265949, 111235191, 111235189, 111269218, 111251066, 111235233, 111265955, 111235235, 111253418, 111235193, 111244327, 111241178, 111235216, 111253467, 111265941, 111235200, 111241179, 111253466, 111241176, 111242134, 111241177, 111241175, 111253423, 111241180, 

Shuppin: 

3097, 3108, 3104, 3114, 3118, 3064, 6022, 3127, 3031, 3140, 3149, 3148, 3050, 3038, 6003, 3128, 1014, 1037, 1107, 1108, 1144, 1053, 1066, 1034, 1138, 1016, 1093, 1094, 1059, 1068, 5006, 6501, 1105, 5005, 5015, 1102, 1119, 6052, 1091, 1067, 1041, 1118, 1113, 1114, 1097, 1095, 1029, 1124, 1078, 6013, 1150, 1045, 1015, 1050, 1135, 1070, 1101, 1092, 5014, 5009, 5008, 5007, 5004, 5002, 3132, 3138, 3013, 3123, 6020, 3083, 3102, 3048, 3059, 3095, 1141, 1137, 1040, 1125, 1064, 1002, 1131, 1039, 1018, 1020, 1134, 1022, 1023, 3055, 1010, 1142, 1048, 1043, 1036, 1055, 3011, 3129, 3047, 3068, 3135, 6075, 3034, 3139, 3015, 3137, 3017, 3131, 3014, 3025, 3056, 3087, 3082, 3063, 3088, 3042, 6023, 3143, 3021, 3142, 6007, 3069, 6021, 3122, 3007, 3120, 3117, 3080, 3026, 3057, 3054, 6063, 3141, 3070, 3043, 3062, 3150, 6049, 3049, 3036, 3067, 3032, 3119, 1031, 3023, 6043, 3124, 3041, 6008, 1158, 1025, 1120, 1153, 1156, 1019, 1008, 1121, 1122, 1026, 1133, 1112, 1084, 1083, 1017, 1174, 1081, 1111, 1065, 1007, 1011, 1090, 1028, 1058, 1136, 6032, 1152, 1117, 1075, 1056, 1109, 1143, 1086, 1030, 1024, 1009, 1123, 1132, 6044, 1076, 1085, 1116, 1077, 1110, 1001, 1006, 1104, 1054, 1106, 1100, 1052, 1163, 1155, 1051, 1098, 1099, 1042, 1096, 1115, 1103, 1071, 1038, 1057, 1013, 1074, 1046, 1146, 1147, 1145, 1035, 1148, 1012, 1166, 1080, 1130, 1003, 1160, 1140, 1032, 1087, 1088, 3022, 5019, 5010, 3089, 3146, 3106, 1159, 1157, 6045, 1151, 1126, 1004, 1049, 1033, 1139, 1021, 1082, 1063, 1164, 1060, 3058, 3081, 3045, 3028, 3030, 6012, 3046, 3006, 3052, 3035, 3085, 3073, 6026, 3002, 3098, 3018, 3066, 3020, 3099, 3001, 3053, 3012, 3037, 3010, 3084, 6073, 3004, 3060, 3078, 3024, 3040, 3075, 3079, 3103, 3019, 3029, 3100, 3091, 3092, 3090, 3039, 3112, 3086, 3074, 3109, 3071, 3113, 3110, 1073, 1027, 1061, 1005, 1079, 1047, 5011, 5016, 5003, 5012, 5018, 6054, 1069, 1072, 5001, 6076, 3121, 3009, 3051, 3027, 5013, 5017, 6074, 3133, 3005, 3003, 3151, 3111, 3061, 3145, 3065, 3107, 3008, 3116, 3093, 3033, 6042, 3125, 3016, 3094, 6041, 3076, 3101, 3077, 3072, 3115, 3096, 
-------------------------------------------------------------
