#############################################################
NAA NAGOYA Errors: 

Data Collection lasted for 2 minutes and 22.4 seconds.
Error checking completed within 7 minutes and 56.8 seconds.
Finished checking on Wednesday, 03. April 2019 08:30PM 
#############################################################
No Foto On Main Image:
No issues
-------------------------------------------------------------
Japanese Characters:
No issues
-------------------------------------------------------------
Unknown Year/Make/Model:
110929019, 

Shuppin: 

6047, 
-------------------------------------------------------------
Unknown Chassis Prefix:
No issues
-------------------------------------------------------------
No Transmission/Color/Fuel Type:
110910410, 110910030, 110910005, 110915877, 110929019, 110929023, 110910016, 110910006, 110910011, 110914828, 110909674, 

Shuppin: 

1085, 1043, 1013, 1101, 6047, 6054, 1026, 1014, 1019, 3062, 1074, 
-------------------------------------------------------------
No Equipment:
No issues
-------------------------------------------------------------
Missing Yor:
No issues
-------------------------------------------------------------
No Yor Image:
110922886, 110922895, 110922819, 110922893, 110922815, 110937442, 110922848, 110922858, 110922850, 110922823, 110922900, 110925360, 110928643, 110928011, 110922853, 110922899, 110928825, 110928828, 110928826, 110928827, 110922880, 110922867, 110937446, 110928008, 110922825, 110922831, 110941749, 110922811, 110922813, 110922833, 110922896, 110922817, 110922894, 110922904, 110937447, 110922882, 110922884, 110922862, 110922826, 110922832, 110922874, 110937440, 110922834, 110920305, 110920304, 110922842, 110937438, 110937439, 110920303, 110922875, 110922892, 110922868, 110929012, 110928014, 110941747, 110922905, 110922814, 110922807, 110922887, 110922903, 110922907, 110922889, 110922820, 110937444, 110922846, 110922844, 110922898, 110922855, 110910023, 110930317, 110929019, 110929008, 110929023, 110929002, 110929017, 110928680, 110928685, 110928684, 110928690, 110928686, 110928687, 110928691, 

Shuppin: 

4081, 4092, 4013, 4090, 4009, 4115, 4042, 4053, 4044, 4017, 4099, 4087, 6008, 4100, 4047, 4098, 6052, 6063, 6057, 6062, 4075, 4062, 4119, 4048, 4019, 4025, 4124, 4005, 4007, 4027, 4093, 4011, 4091, 4105, 4120, 4077, 4079, 4057, 4020, 4026, 4069, 4113, 4028, 6055, 6050, 4036, 4111, 4112, 6046, 4070, 4089, 4063, 6027, 4107, 4122, 4106, 4008, 4001, 4082, 4104, 4109, 4084, 4014, 4117, 4040, 4038, 4095, 4050, 1036, 6015, 6047, 6021, 6054, 6006, 6041, 6007, 6032, 6031, 6056, 6039, 6043, 6058, 
-------------------------------------------------------------
Additional Photos Show 'No Foto':
No issues
-------------------------------------------------------------
No Auction Sheet:
No issues
-------------------------------------------------------------
