#############################################################
USS TOKYO Errors: 

Data Collection lasted for 4 minutes and 2.2 seconds.
Error checking completed within 13 minutes and 25.5 seconds.
Finished checking on Wednesday, 03. April 2019 11:58PM 
#############################################################
No Foto On Main Image:
No issues
-------------------------------------------------------------
Japanese Characters:
No issues
-------------------------------------------------------------
Unknown Year/Make/Model:
110930193, 110936065, 

Shuppin: 

75322, 75107, 
-------------------------------------------------------------
Unknown Chassis Prefix:
No issues
-------------------------------------------------------------
No Transmission/Color/Fuel Type:
110935345, 

Shuppin: 

65006, 
-------------------------------------------------------------
No Equipment:
No issues
-------------------------------------------------------------
Missing Yor:
No issues
-------------------------------------------------------------
No Yor Image:
110935345, 110945750, 110945810, 110935360, 110946536, 110936093, 110945849, 110935604, 110935805, 110946699, 110940693, 110935665, 110935743, 110935973, 110935867, 110946678, 110946675, 110935833, 110946651, 110935810, 110935846, 110942783, 110953936, 110929740, 110935798, 110942752, 110935908, 110945981, 110930044, 110935364, 110935362, 110936144, 110929718, 110935576, 110945942, 110935923, 110945889, 110935491, 110946052, 110946025, 110939781, 110935645, 110945927, 110935556, 110935631, 110942747, 110935510, 110945863, 110935680, 110945875, 110940681, 110945884, 110942790, 110945951, 110939952, 110930250, 110930213, 110945990, 110935600, 110936147, 110935924, 110935845, 110935967, 110935501, 110942773, 110936270, 110929736, 110935898, 110935632, 110945900, 110935918, 110929748, 110935623, 110935949, 110945901, 110943273, 110943336, 110953963, 110936363, 110935937, 110946041, 110930234, 110936189, 110935552, 110935894, 110935739, 110935531, 110945926, 110946677, 110940690, 110935555, 110935793, 110935477, 110945988, 110942734, 110946720, 110945888, 110946726, 110945946, 110935861, 110953929, 110936055, 110935952, 110945995, 110936096, 110945864, 110935669, 110935484, 110942899, 110935801, 110935651, 110939777, 110940691, 110935730, 110936018, 110945997, 110935878, 110946648, 110935597, 110935994, 110935771, 110940683, 110935777, 110935731, 110935850, 110929750, 110930163, 110935993, 110935571, 110935819, 110942742, 110935686, 110953923, 110945993, 110930275, 110940746, 110935622, 110945798, 110936208, 110942719, 110930191, 110946737, 110945832, 110935538, 110946637, 110942741, 110936092, 110946740, 110935983, 110935951, 110942724, 110935469, 110940704, 110930193, 110942712, 110945816, 110935409, 110953896, 110945805, 110945800, 110930167, 110930126, 110930069, 110945769, 110945785, 110930068, 110936389, 110935472, 110930180, 110935635, 110936067, 110935547, 110946054, 110936332, 110939933, 110943216, 110943092, 110943176, 110936418, 110943175, 110943317, 110946093, 110936202, 110936105, 110930263, 110935968, 110930156, 110935969, 110945967, 110936579, 110946015, 110930256, 110936516, 110945868, 110945943, 110930225, 110935527, 110930269, 110953914, 110935946, 110930219, 110942723, 110946044, 110930215, 110930204, 110936042, 110939785, 110935927, 110936207, 110935904, 110946631, 110935523, 110946716, 110935498, 110936235, 110936015, 110935727, 110935594, 110942735, 110935838, 110946680, 110935468, 110945748, 110945749, 110946014, 110936668, 110939911, 110930295, 110930226, 110935999, 110942743, 110930149, 110935842, 110940701, 110945819, 110942725, 110935974, 110945918, 110946681, 110946689, 110942787, 110946661, 110945887, 110935910, 110935770, 110935616, 110945856, 110935530, 110935603, 110942784, 110930287, 110945866, 110936180, 110936213, 110946060, 110946047, 110939765, 110942914, 110939950, 110946759, 110946659, 110936192, 110945937, 110935719, 110935756, 110936014, 110935486, 110945831, 110936183, 110936080, 110935612, 110935642, 110930147, 110945825, 110942766, 110942886, 110939774, 110936152, 110942823, 110935863, 110940715, 110935617, 110935738, 110942757, 110935887, 110936171, 110946684, 110935988, 110935559, 110945920, 110945905, 110946733, 110942678, 110936024, 110935834, 110936151, 110935575, 110945983, 110935835, 110945865, 110935568, 110942729, 110935737, 110946683, 110942880, 110930142, 110935710, 110942782, 110936117, 110930140, 110939768, 110936074, 110945890, 110946641, 110935553, 110945841, 110946632, 110930159, 110945891, 110935901, 110953924, 110945932, 110945964, 110935976, 110936123, 110935824, 110935930, 110946688, 110945923, 110935849, 110945954, 110935832, 110936062, 110935513, 110935876, 110945847, 110935872, 110935779, 110935939, 110946719, 110945996, 110953917, 110935722, 110936086, 110935774, 110945903, 110945844, 110945989, 110946685, 110936155, 110929741, 110935865, 110936001, 110936194, 110930220, 110943272, 110942754, 110939784, 110942875, 110935591, 110936077, 110930239, 110936078, 110936187, 110946019, 110936094, 110930210, 110930296, 110946645, 110935694, 110935489, 110939778, 110930262, 110946029, 110935662, 110935515, 110940695, 110953918, 110946627, 110945829, 110935716, 110945857, 110945828, 110945878, 110946668, 110935758, 110935945, 110935520, 110935648, 110935494, 110953939, 110935769, 110946702, 110946663, 110930122, 110935599, 110940682, 110929749, 110940680, 110935688, 110945939, 110930176, 110936040, 110946647, 110936073, 110945940, 110942874, 110935755, 110930155, 110935708, 110942720, 110935506, 110935978, 110946664, 110940697, 110953919, 110935807, 110945941, 110945961, 110935859, 110946643, 110935668, 110935596, 110935890, 110946679, 110942788, 110945881, 110935979, 110953916, 110936269, 110946761, 110935565, 110935853, 110935990, 110942779, 110935624, 110935903, 110936065, 110945840, 110935671, 110936010, 110940688, 110930181, 110936251, 110930115, 110935897, 110936106, 110946005, 110936193, 110936160, 110930251, 110935950, 110935492, 110936201, 110945998, 110945855, 110945867, 110945934, 110936175, 110942748, 110935827, 110935789, 110946657, 110942800, 110953920, 110945925, 110935480, 110935907, 110942767, 110935799, 110930145, 110942785, 110930175, 110935840, 110935816, 110935866, 110935514, 110935822, 110942803, 110942819, 110945837, 110935885, 110935534, 110942745, 110936266, 110929733, 110945958, 110935943, 110935913, 110946698, 110945972, 110930107, 110935893, 110945945, 110935714, 110936035, 110942799, 110945852, 110945883, 

Shuppin: 

65006, 70230, 70325, 65035, 65092, 75135, 73594, 73198, 73432, 73935, 73282, 73269, 73365, 75014, 73496, 73866, 73719, 73461, 73295, 73437, 73474, 73813, 75420, 75223, 73424, 73563, 73545, 73938, 65085, 65044, 65037, 75347, 70028, 73158, 73862, 73716, 73653, 73037, 77239, 77197, 75417, 73241, 73847, 73135, 73227, 73558, 73066, 73608, 73294, 73631, 73012, 73645, 73820, 73882, 84553, 77081, 77029, 73961, 73193, 75350, 73717, 73473, 75008, 73055, 73803, 80268, 75218, 73530, 73228, 73667, 73708, 75254, 73218, 73744, 73668, 84431, 84606, 82175, 82276, 73731, 77222, 77061, 77018, 73129, 73526, 73360, 73099, 73846, 73865, 73276, 73134, 73419, 73019, 73956, 73293, 75266, 73651, 75328, 73869, 73489, 75293, 75097, 73747, 73973, 75138, 73611, 73275, 73028, 80211, 73427, 73248, 75162, 73277, 73350, 75060, 75239, 73508, 73188, 73190, 75036, 73394, 73016, 73401, 73351, 73478, 75257, 75275, 75035, 73153, 73447, 73552, 73301, 73906, 73968, 77122, 82321, 73217, 70302, 77103, 73032, 75320, 75351, 73363, 73108, 73128, 73551, 75134, 75366, 75025, 73746, 73050, 73007, 77063, 75322, 70205, 70340, 70031, 70057, 70314, 70307, 75280, 75182, 70107, 70253, 70287, 70106, 82559, 73011, 75304, 73231, 75109, 73123, 77242, 82102, 84052, 84189, 82400, 82554, 84015, 82553, 84539, 84631, 77086, 75159, 77106, 75009, 75262, 75010, 73911, 84259, 77175, 77095, 84163, 73620, 73863, 77047, 73094, 77115, 73649, 73741, 77036, 73046, 77226, 77031, 77012, 75084, 77044, 73721, 77101, 73539, 73109, 73088, 75022, 73048, 80010, 75057, 73347, 73185, 73302, 73466, 73870, 73006, 70228, 70229, 77173, 84387, 82576, 77149, 77051, 75041, 73554, 75241, 73470, 75178, 73070, 73051, 75015, 73838, 73872, 73884, 73817, 73626, 73648, 73548, 73393, 73211, 73601, 73097, 73197, 73814, 77138, 73615, 75394, 77126, 77250, 77231, 73002, 80237, 84551, 77163, 73619, 77022, 73857, 73339, 73378, 75056, 73030, 73354, 77003, 75122, 73206, 73238, 75236, 73084, 73577, 80191, 73515, 75360, 80080, 73492, 80071, 73212, 73359, 73568, 73518, 75380, 73877, 75030, 73138, 73840, 73675, 75343, 65040, 75066, 73462, 75357, 73157, 73941, 73463, 73612, 73149, 73064, 73358, 73876, 80184, 75213, 73329, 73812, 75200, 75210, 73249, 75116, 73655, 73159, 73130, 73586, 73111, 75270, 73656, 73535, 73914, 73852, 73904, 75017, 75242, 73452, 73724, 73883, 73843, 73477, 73889, 73460, 75104, 73071, 73505, 73592, 73501, 73405, 73734, 75263, 75233, 73654, 73342, 75128, 73398, 73670, 73589, 73959, 73878, 75363, 75224, 73494, 75043, 77033, 77037, 84429, 73565, 77042, 80173, 73181, 75119, 77070, 75120, 77014, 77182, 75136, 77026, 77150, 73169, 73311, 73035, 75399, 77105, 77203, 73264, 73074, 73532, 73892, 73098, 73328, 73336, 73602, 73091, 73635, 73689, 73380, 73740, 73083, 73244, 73041, 75423, 73392, 73955, 73630, 75173, 73192, 73013, 75256, 73009, 73304, 73859, 75296, 75082, 73182, 75115, 73860, 80172, 73377, 75255, 73326, 73038, 73061, 75019, 73634, 73538, 73893, 73434, 73861, 73900, 73487, 73164, 73273, 73189, 73521, 73868, 73818, 73639, 75020, 73652, 80267, 77166, 73145, 73481, 75032, 73809, 73220, 73537, 75107, 73585, 73279, 75052, 73271, 75305, 80026, 75158, 73529, 75163, 77156, 77024, 75369, 77084, 73745, 73039, 77085, 75240, 73600, 73618, 73854, 75384, 73559, 73455, 73415, 73614, 73830, 73894, 73845, 73023, 73544, 73578, 73425, 75231, 73815, 75295, 73468, 73444, 73495, 73073, 73450, 73833, 77110, 73553, 73516, 73104, 73556, 80261, 75211, 73897, 73738, 73695, 73928, 73919, 75147, 73524, 73867, 73333, 75077, 73829, 73597, 73644, 
-------------------------------------------------------------
Additional Photos Show 'No Foto':
No issues
-------------------------------------------------------------
No Auction Sheet:
No issues
-------------------------------------------------------------
