#############################################################
ZIP OSAKA Errors: 

Data Collection lasted for 3 minutes and 5.6 seconds.
Error checking completed within 9 minutes and 34.9 seconds.
Finished checking on Wednesday, 03. April 2019 10:33PM 
#############################################################
No Foto On Main Image:
No issues
-------------------------------------------------------------
Japanese Characters:
No issues
-------------------------------------------------------------
Unknown Year/Make/Model:
110876756, 110920772, 110920794, 110902165, 110944698, 110944807, 110930193, 

Shuppin: 

30269, 31291, 31313, 5059, 4587, 170, 75322, 
-------------------------------------------------------------
Unknown Chassis Prefix:
No issues
-------------------------------------------------------------
No Transmission/Color/Fuel Type:
110900558, 110944698, 110935345, 

Shuppin: 

78, 4587, 65006, 
-------------------------------------------------------------
No Equipment:
No issues
-------------------------------------------------------------
Missing Yor:
No issues
-------------------------------------------------------------
No Yor Image:
110935345, 110945750, 110945810, 110935360, 110946536, 110936093, 110945849, 110935604, 110935805, 110946699, 110940693, 110935665, 110935743, 110935973, 110935867, 110946678, 110946675, 110935833, 110946651, 110935810, 110935846, 110942783, 110929740, 110935798, 110942752, 110935908, 110945981, 110930044, 110935364, 110935362, 110936144, 110929718, 110935576, 110945942, 110935923, 110945889, 110935491, 110946052, 110946025, 110939781, 110935645, 110945927, 110935556, 110935631, 110942747, 110935510, 110945863, 110935680, 110945875, 110940681, 110945884, 110942790, 110945951, 110939952, 110930250, 110930213, 110945990, 110935600, 110936139, 110936147, 110935924, 110935845, 110935967, 110935501, 110942773, 110936270, 110929736, 110935898, 110935632, 110945900, 110935918, 110929748, 110935623, 110935949, 110945901, 110943273, 110943336, 110936363, 110935937, 110946041, 110930234, 110936189, 110935552, 110935894, 110935739, 110935531, 110945926, 110946677, 110940690, 110935555, 110935793, 110935477, 110945988, 110942734, 110946720, 110945888, 110946726, 110945946, 110935861, 110936055, 110935952, 110945995, 110936096, 110945864, 110935669, 110935484, 110942899, 110935801, 110935651, 110939777, 110940691, 110935730, 110936018, 110945997, 110935878, 110946648, 110935597, 110935994, 110935771, 110940683, 110935777, 110935731, 110935850, 110929750, 110930163, 110935993, 110935571, 110935819, 110942742, 110935686, 110945993, 110930275, 110940746, 110935622, 110945798, 110936208, 110942719, 110930191, 110953267, 110946737, 110945832, 110935538, 110946637, 110942741, 110936092, 110946740, 110935983, 110935951, 110942724, 110935469, 110940704, 110930193, 110942712, 110945816, 110935409, 110945805, 110945800, 110930167, 110930126, 110930069, 110945769, 110945785, 110930068, 110936389, 110935472, 110930180, 110935635, 110936067, 110935547, 110946054, 110936332, 110939933, 110943216, 110943092, 110943176, 110936418, 110943175, 110943317, 110946093, 110936202, 110936105, 110930263, 110935968, 110930156, 110935969, 110945967, 110936579, 110946015, 110930256, 110936516, 110945868, 110945943, 110930225, 110935527, 110930269, 110935946, 110930219, 110942723, 110946044, 110930215, 110930204, 110936042, 110939785, 110935927, 110936207, 110935904, 110946631, 110935523, 110946716, 110935498, 110936235, 110936015, 110935727, 110935594, 110942735, 110935838, 110946680, 110935468, 110945748, 110945749, 110946014, 110936668, 110939911, 110930295, 110930226, 110935999, 110942743, 110930149, 110935842, 110940701, 110945819, 110942725, 110935974, 110945918, 

Shuppin: 

65006, 70230, 70325, 65035, 65092, 75135, 73594, 73198, 73432, 73935, 73282, 73269, 73365, 75014, 73496, 73866, 73719, 73461, 73295, 73437, 73474, 73813, 75223, 73424, 73563, 73545, 73938, 65085, 65044, 65037, 75347, 70028, 73158, 73862, 73716, 73653, 73037, 77239, 77197, 75417, 73241, 73847, 73135, 73227, 73558, 73066, 73608, 73294, 73631, 73012, 73645, 73820, 73882, 84553, 77081, 77029, 73961, 73193, 75308, 75350, 73717, 73473, 75008, 73055, 73803, 80268, 75218, 73530, 73228, 73667, 73708, 75254, 73218, 73744, 73668, 84431, 84606, 82276, 73731, 77222, 77061, 77018, 73129, 73526, 73360, 73099, 73846, 73865, 73276, 73134, 73419, 73019, 73956, 73293, 75266, 73651, 75328, 73869, 73489, 75097, 73747, 73973, 75138, 73611, 73275, 73028, 80211, 73427, 73248, 75162, 73277, 73350, 75060, 75239, 73508, 73188, 73190, 75036, 73394, 73016, 73401, 73351, 73478, 75257, 75275, 75035, 73153, 73447, 73552, 73301, 73968, 77122, 82321, 73217, 70302, 77103, 73032, 75320, 5183, 75351, 73363, 73108, 73128, 73551, 75134, 75366, 75025, 73746, 73050, 73007, 77063, 75322, 70205, 70340, 70031, 70314, 70307, 75280, 75182, 70107, 70253, 70287, 70106, 82559, 73011, 75304, 73231, 75109, 73123, 77242, 82102, 84052, 84189, 82400, 82554, 84015, 82553, 84539, 84631, 77086, 75159, 77106, 75009, 75262, 75010, 73911, 84259, 77175, 77095, 84163, 73620, 73863, 77047, 73094, 77115, 73741, 77036, 73046, 77226, 77031, 77012, 75084, 77044, 73721, 77101, 73539, 73109, 73088, 75022, 73048, 80010, 75057, 73347, 73185, 73302, 73466, 73870, 73006, 70228, 70229, 77173, 84387, 82576, 77149, 77051, 75041, 73554, 75241, 73470, 75178, 73070, 73051, 75015, 73838, 
-------------------------------------------------------------
Additional Photos Show 'No Foto':
No issues
-------------------------------------------------------------
No Auction Sheet:
No issues
-------------------------------------------------------------
