#############################################################
USS Tokyo Errors: 

Data Collection lasted for 35 minutes and 27.4 seconds.
Error checking completed within 0.2 seconds.
Finished checking on Thursday, 27. February 2020 06:43AM 
#############################################################

No Main Image:
No issues
-------------------------------------------------------------
Japanese Characters:
117100203, 117099109, 117099200, 117100604, 117099821, 117099121, 117100072, 117099360, 117099603, 117098763, 117098933, 117100391, 117100562, 117099115, 117099118, 117100347, 117100574, 117099348, 117099632, 117100439, 117100104, 117099874, 117099680, 117099044, 117099624, 117100319, 117100298, 117098663, 117100377, 117100325, 117099638, 117100399, 117099523, 117099189, 117100193, 117099107, 117099128, 117099593, 117099465, 117099073, 117100963, 117099756, 117099454, 117099487, 117099287, 117099720, 117099054, 117099214, 117098659, 117099212, 117100092, 117099229, 117099187, 117100183, 117099185, 117099557, 117099108, 117100382, 117099051, 117099592, 117099443, 117099117, 117100105, 117099154, 117100134, 117099244, 117100103, 117099473, 117099799, 117099964, 117099887, 117099192, 117100286, 117100005, 117099358, 117100236, 117100202, 117099678, 117099075, 117099093, 117099151, 117100185, 117099274, 117099199, 117099188, 117099079, 117099590, 117099196, 117100358, 117099753, 117099179, 117097256, 117097203, 117097563, 117096525, 117097249, 117097326, 117097424, 117097311, 117096988, 117096809, 117097948, 117097795, 117102377, 117102113, 117097816, 117102101, 117102526, 117097750, 117097841, 117102250, 117097869, 117102427, 117102154, 117102253, 117095556, 117097784, 117097807, 117097811, 117097233, 117096170, 117102076, 117101587, 117101632, 117097168, 117102103, 117097405, 117097259, 117101411, 117101874, 117097739, 117098005, 117096805, 117097984, 117097766, 117097732, 117096348, 117096483, 117096601, 117097789, 117096920, 117097978, 117097923, 117097798, 117095334, 117095591, 117096046, 117096167, 117095451, 117095387, 117097008, 117096552, 117096612, 117096283, 117095386, 117095474, 117097912, 117097953, 117098004, 117097780, 117097901, 117096066, 117097786, 117097770, 117095429, 117095601, 117097353, 117097268, 117096696, 117096198, 117095421, 117096160, 117097508, 117097864, 117100457, 117095713, 117097819, 117102273, 117097988, 117102532, 117102343, 117097927, 117097820, 117096488, 117097731, 117097931, 117097999, 117095536, 117097804, 117097846, 117097822, 117097147, 117097941, 117096910, 117096055, 117097229, 117096905, 117097772, 117097779, 117096403, 117096551, 117096861, 117098015, 117102302, 117095473, 117095346, 117097295, 117096796, 117096799, 117096041, 117096726, 117101148, 117099176, 117099696, 117099084, 117099334, 117095707, 117095376, 117095705, 117095792, 117097006, 117095782, 117096025, 117096606, 117095629, 117096002, 117096922, 117097357, 117096935, 117096154, 117095504, 117095989, 117095778, 117097945, 117095847, 117096846, 117097019, 117095868, 117095954, 117096713, 117096978, 117095878, 117095929, 117096904, 117095955, 117096650, 117095711, 117101458, 117095738, 117102351, 117101646, 117095183, 117094890, 117094800, 117102664, 117094920, 117094723, 117095239, 117095098, 117094830, 117095108, 117094815, 117102650, 117094816, 117102644, 117094912, 117094913, 117095204, 117102620, 117094674, 117095100, 117095236, 117095238, 117100760, 117098977, 117094790, 117095186, 117094819, 117094925, 117094661, 117095087, 117100592, 117100740, 117094866, 117095205, 117095292, 117094814, 117102666, 117098640, 117094855, 117094796, 117094950, 117095304, 117095202, 117094805, 117094864, 117102660, 117094633, 117098572, 117098597, 117095027, 117095423, 117100613, 117095367, 117094665, 117098681, 117101633, 117096502, 117101410, 117102063, 117095583, 117095415, 117095467, 117096698, 117100061, 117101537, 117101592, 117101974, 117097754, 117102287, 117102470, 117101388, 117097880, 117094691, 117096118, 117097910, 117102094, 117096708, 117097283, 117102139, 117097902, 117097765, 117097793, 117096327, 117097802, 117097799, 117097824, 117101840, 117101393, 117097736, 117101465, 117097834, 117096664, 117096961, 117102030, 117097956, 117097746, 117096949, 117097733, 117097853, 117097744, 117096863, 117097560, 117101987, 117097204, 117095584, 117094656, 117095058, 117096955, 117096841, 117096590, 117096581, 117098711, 117098707, 117098935, 117100201, 117098817, 117098568, 117096973, 117097012, 117098577, 117096772, 117098369, 117098475, 117098576, 117096750, 117098575, 117095521, 117095476, 117096887, 117097573, 117097675, 117097668, 117097640, 117097595, 117097596, 117097662, 117097684, 117097663, 117100594, 117100606, 117096930, 117096776, 117098472, 117098595, 117098639, 117094664, 117095359, 117100504, 117096969, 117101904, 117101910, 117102226, 117100277, 117097971, 117097933, 117096654, 117096116, 117098556, 117095425, 117097044, 117098616, 117094648, 117096857, 117097769, 117099191, 117096014, 117098633, 117101666, 117101789, 117101500, 117102539, 117102022, 117097020, 117100595, 117098360, 117096527, 117098473, 117096710, 117098581, 117096849, 117096803, 117096977, 117097024, 117100746, 117095747, 117096652, 117096766, 117095999, 117096774, 117100542, 117096817, 117100547, 117100575, 117097315, 117097318, 117096784, 117096593, 117097504, 117096546, 117097106, 117101380, 117101601, 117102034, 117097047, 117101169, 117101776, 117102413, 117098520, 117101615, 117102394, 117095581, 117096139, 117097372, 117096907, 117096381, 117096359, 117095357, 117100647, 117095706, 117098010, 117096598, 117097774, 117097838, 117097900, 117096463, 117097759, 117096984, 117096908, 117095530, 117096392, 117096915, 117097569, 117096833, 117095520, 117094617, 117097021, 117098400, 117098618, 117098547, 117100698, 117095575, 117096880, 117100800, 117098482, 117096734, 117095507, 117098624, 117095501, 117096526, 117096831, 117095452, 117096754, 117097350, 117097412, 117101372, 117097555, 117095394, 117096976, 117097300, 117100445, 117095558, 117095063, 117095042, 117096570, 117097393, 117094981, 117095064, 117101707, 117101846, 117095051, 117101513, 117101429, 117096712, 117095024, 117096759, 117095019, 117095040, 117102036, 117101369, 117102298, 117101744, 117101801, 117102444, 117096681, 117094947, 117095548, 117095034, 117095009, 117095066, 117097007, 117097323, 117096399, 117102281, 117101624, 117102453, 117100663, 117094983, 117095541, 117097255, 117096140, 117096204, 117100545, 117094987, 117095430, 117097349, 117095465, 117094961, 117095356, 117096882, 117095795, 117096848, 117095816, 117095788, 117095806, 117095503, 117096898, 117100682, 117097972, 117101605, 117097274, 117095762, 117095653, 117096003, 117095983, 117098540, 117096897, 117095652, 117095729, 117100674, 117095545, 117095903, 117095331, 117100791, 117100581, 117095582, 117100774, 117098423, 117095859, 117095861, 117095877, 117095760, 117095657, 117101571, 117095447, 117095819, 117096569, 117096474, 117095435, 117096015, 117100664, 117097860, 117098020, 117097046, 117096456, 117096016, 117096473, 117096022, 117095891, 117100751, 117095461, 117095645, 117096834, 117095917, 117096574, 117096743, 117099949, 117099206, 117099308, 117097378, 117097198, 117096538, 117095478, 117102628, 117102045, 117095177, 117094899, 117102636, 117094640, 117100456, 117102622, 117095004, 117100979, 117095142, 117095132, 117100548, 117101638, 117100734, 117095120, 117102652, 117094803, 117094853, 117100777, 117102657, 117100434, 117094798, 117094745, 117095111, 117094938, 117094965, 117095164, 117094979, 117100442, 117100589, 117102141, 117100638, 117095319, 117095125, 117095184, 117095266, 117095168, 117095317, 117095154, 117100636, 117095135, 117100739, 117094836, 117100209, 117094837, 117095109, 117095209, 117095187, 117100802, 117100462, 117094786, 117102641, 117095286, 117102639, 117094817, 117094995, 117094921, 117095077, 117095260, 117097727, 117094865, 117095075, 117100785, 117100484, 117095174, 117095171, 117100773, 117095105, 117094895, 117095092, 117095288, 117095301, 117100531, 117100795, 117095178, 117094955, 117094838, 117099183, 117100459, 117095141, 117100690, 117100476, 117095284, 117100440, 117102611, 117102568, 117100524, 117095296, 117094756, 117095103, 117094825, 117095271, 117101689, 117101690, 117101708, 117101835, 117102391, 117101949, 117101881, 117102468, 117096801, 117098609, 117096472, 117098261, 117098080, 117098270, 117098267, 117098077, 117098291, 117100520, 117098033, 117098298, 117098144, 117098214, 117098083, 117096183, 117096596, 117097316, 117096511, 117097377, 117097314, 117095416, 117096597, 117097035, 117096885, 117097292, 117097367, 117095519, 117097354, 117098546, 117098425, 117096371, 117102152, 117101827, 117099065, 117100123, 117101620, 117096090, 117096802, 117096744, 117100474, 117097842, 117102393, 117097029, 117097030, 117095079, 117100671, 117100591, 117094967, 117095074, 117100587, 117100572, 117094849, 117098914, 117095268, 117095214, 117094927, 117100790, 117095308, 117102632, 117095216, 117095146, 117095269, 117094795, 117094787, 117094804, 117095277, 117095201, 117095158, 117095133, 117095175, 117094856, 117100569, 117094829, 117094842, 117094846, 117099635, 117100190, 117099547, 117101777, 117102220, 117101944, 117098453, 117098530, 117095344, 117098354, 117098470, 117096675, 117098433, 117098631, 117098409, 117098555, 117096752, 117099844, 117095279, 117099224, 117102402, 117102386, 117101530, 117101039, 117098721, 117101644, 117095740, 117095870, 117096724, 117098724, 117102609, 117098930, 117098829, 117100509, 117102638, 117097100, 117101518, 117096617, 117102127, 117097866, 117094870, 117095144, 117100500, 117100268, 117102315, 117102500, 117102271, 117098505, 117098565, 117098050, 117098095, 117098539, 117101909, 117102217, 117094720, 117095390, 117096523, 117094705, 117096888, 117095477, 117100754, 117096004, 117095733, 117096941, 117102412, 117101740, 117101589, 117102227, 117102482, 117095872, 117095676, 117098122, 117098120, 117096504, 117096622, 117098583, 117100759, 117096958, 117095436, 117098702, 117096870, 117096702, 117100634, 117097479, 117097411, 117095514, 117097170, 117097352, 117097346, 117097394, 117096823, 117096871, 117097324, 117096576, 117100736, 117095374, 117101828, 117100779, 117100973, 117101972, 117098495, 117101680, 117101876, 117102524, 117101502, 117102090, 117101597, 117102368, 117102283, 117102046, 117102366, 117102211, 117102259, 117101940, 117098402, 117098625, 117096965, 117101791, 117102122, 117102192, 117095329, 117100541, 117102527, 117096736, 117095057, 117096741, 117095389, 117094747, 117102214, 117101755, 117101647, 117098477, 117102023, 117101778, 117096634, 117098657, 117102284, 117097278, 117097302, 117100573, 117097149, 117097992, 117096789, 117097803, 117098007, 117095529, 117097991, 117097872, 117097830, 117096509, 117095550, 117096592, 117096970, 117096694, 117095479, 117097951, 117096156, 117095982, 117100315, 117101468, 117101841, 117102187, 117097854, 117102223, 117097970, 117097896, 117096602, 117097845, 117095565, 117097828, 117099484, 117096689, 117102084, 117097756, 117097832, 117095538, 117096727, 117095523, 117097915, 117096228, 117096194, 117096191, 117097882, 117097777, 117095563, 117096614, 117101802, 117097409, 117102455, 117095689, 117098490, 117095412, 117098465, 117096906, 117097040, 117095961, 117095665, 117095749, 117100522, 117095799, 117096542, 117095381, 117102476, 117102529, 117098292, 117101444, 117102074, 117101015, 117094736, 117101542, 117097635, 117102516, 117100412, 117102166, 117101745, 117098699, 117097597, 117097695, 117097577, 117097575, 117097623, 117101780, 117097230, 117101784, 117101451, 117096843, 117101725, 117100481, 117097403, 117097306, 117096980, 117097321, 117095426, 117097252, 117097399, 117100614, 117099127, 117096258, 117096380, 117096721, 117096822, 117095522, 117100410, 117096300, 117095531, 117097748, 117095395, 117096707, 117095510, 117095555, 117098018, 117095402, 117096513, 117097997, 117097973, 117097751, 117098047, 117098268, 117098228, 117102078, 117098275, 117098284, 117098062, 117098089, 117098040, 117098158, 117098202, 117098198, 117097551, 117097358, 117096521, 117096355, 117097331, 117097327, 117097285, 117095353, 117096311, 117097236, 117098678, 117097392, 117097468, 117097287, 117097083, 117097561, 117102488, 117097679, 117097686, 117095049, 117101653, 117102184, 117099254, 117100369, 117097003, 117096764, 117094993, 117096522, 117094998, 117095035, 117095413, 117095053, 117102446, 117094958, 117097160, 117097070, 117095029, 117101716, 117102224, 117102385, 117097192, 117095594, 117096052, 117100913, 117099015, 117100786, 117098973, 117095537, 117096912, 117095566, 117095449, 117096653, 117095595, 117096718, 117095586, 117096661, 117096706, 117097294, 117100309, 117094972, 117099981, 117097280, 117099998, 117099197, 117099710, 117099190, 117100045, 117099105, 117100189, 117100273, 117098869, 117099208, 117096790, 117098541, 117098566, 117096826, 117099728, 117099621, 117101344, 117096929, 117098466, 117100903, 117102210, 117098578, 117102344, 117101564, 117100560, 117099755, 117101432, 117100954, 117101705, 117101968, 117101850, 117102320, 117101671, 117096943, 117101538, 117102502, 117097556, 117102431, 117096892, 117096536, 117101450, 117102058, 117101395, 117097307, 117096945, 117097884, 117097928, 117095475, 117096874, 117095339, 117101602, 117102356, 117096807, 117102525, 117101886, 117101943, 117096281, 117097445, 117095494, 117095593, 117095592, 117095400, 117095506, 117095419, 117096946, 117096828, 117095611, 117095725, 117095698, 117096032, 117100758, 117095681, 117096680, 117101767, 117097214, 117095651, 117096021, 117095805, 117096018, 117095936, 117095508, 117096645, 117100703, 117095468, 117095789, 117095375, 117096972, 117096402, 117095687, 117096492, 117100571, 117095863, 117095997, 117095460, 117100561, 117095932, 117095977, 117095625, 117100812, 117100730, 117095965, 117100564, 117095998, 117097745, 117096178, 117102503, 117101443, 117101898, 117101359, 117102338, 117101668, 117102380, 117101399, 117100907, 117101958, 117102059, 117084401, 117102315, 117102320, 117102338, 

Shuppin: 

76096, 73856, 74024, 80358, 75709, 73868, 75966, 74192, 75484, 70103, 70418, 77290, 80314, 73862, 73865, 77246, 80327, 74179, 75514, 80026, 75998, 75763, 75566, 73688, 75505, 77218, 77197, 65106, 77276, 77224, 75520, 77298, 75327, 74012, 76086, 73854, 73875, 75474, 74297, 73802, 82327, 75644, 74286, 75051, 74114, 75608, 73765, 74038, 65092, 74036, 75986, 74053, 74010, 76076, 74008, 75410, 73855, 77281, 73758, 75473, 74275, 73864, 75999, 73936, 76027, 74070, 75997, 74304, 75687, 75856, 75776, 74015, 77184, 75898, 74190, 77111, 76095, 75564, 73804, 73822, 73932, 76078, 74101, 74023, 74011, 73808, 75471, 74019, 77257, 75641, 74002, 30141, 29251, 30649, 26189, 30053, 30397, 30510, 30367, 26919, 26727, 35528, 35352, 87934, 87662, 35390, 87649, 88082, 35163, 35420, 87807, 35449, 87984, 87704, 87810, 20730, 35335, 35370, 35381, 29281, 25451, 87623, 87100, 87168, 29216, 87651, 30490, 30163, 86550, 87414, 35067, 35585, 26721, 35564, 35302, 35034, 25934, 26147, 26265, 35342, 26851, 35558, 35503, 35356, 20060, 20766, 25042, 25441, 20624, 20485, 26939, 26216, 26276, 25768, 20484, 20647, 35492, 35533, 35584, 35324, 35481, 25100, 35338, 35308, 20601, 20776, 30436, 30278, 26439, 25543, 20593, 25422, 30596, 35444, 80123, 23636, 35394, 87831, 35568, 88088, 87900, 35507, 35396, 26152, 35032, 35511, 35579, 20710, 35364, 35426, 35399, 29194, 35521, 26841, 25067, 29277, 26836, 35312, 35323, 26067, 26215, 26792, 35595, 87860, 20646, 20196, 30334, 26692, 26705, 25023, 26511, 84462, 73999, 75583, 73813, 74165, 23629, 20467, 23627, 23719, 26937, 23709, 23958, 26270, 23137, 23935, 26853, 30440, 26866, 25406, 20678, 23922, 23705, 35525, 23776, 26777, 26950, 23798, 23887, 26476, 26909, 23809, 23862, 26835, 23888, 26327, 23633, 86815, 23662, 87908, 87182, 1341, 1152, 1056, 997, 1182, 1025, 1397, 1258, 1087, 1267, 1072, 983, 1073, 977, 1174, 1175, 1362, 953, 1019, 126, 1394, 1396, 80515, 731, 1046, 1344, 1076, 1187, 1017, 1247, 80345, 80495, 1126, 1363, 1450, 1071, 999, 51, 1114, 1052, 1206, 1462, 1360, 1062, 1123, 993, 10089, 50410, 50435, 12270, 20595, 80367, 20442, 10179, 65125, 87169, 26166, 86540, 87610, 20758, 20587, 20640, 26443, 75955, 86968, 87109, 87517, 35209, 87845, 88026, 86380, 35460, 10216, 25251, 35490, 87642, 26464, 30298, 87690, 35482, 35297, 35349, 25870, 35360, 35357, 35402, 87379, 86397, 35055, 86831, 35412, 26364, 26892, 87577, 35536, 35143, 26880, 35042, 35433, 35124, 26794, 30646, 87531, 29252, 20759, 10162, 12299, 26886, 26772, 26254, 26245, 67062, 67044, 70420, 76094, 70254, 50406, 26904, 26943, 50415, 26622, 50062, 50313, 50414, 26564, 50413, 20695, 20650, 26818, 3095, 3258, 3251, 3224, 3177, 3178, 3246, 3267, 3247, 80347, 80360, 26861, 26635, 50310, 50433, 50477, 10176, 20339, 80255, 26900, 87446, 87453, 87782, 77174, 35551, 35513, 26333, 25241, 50394, 20597, 26975, 50454, 10153, 26788, 35307, 74014, 23947, 50471, 87201, 87327, 86892, 88095, 87568, 26951, 80348, 50030, 26191, 50311, 26468, 50419, 26780, 26717, 26908, 26955, 80501, 23672, 26331, 26608, 23932, 26629, 80294, 26741, 80299, 80328, 30373, 30379, 26655, 26257, 30592, 26210, 29151, 86324, 87127, 87581, 26978, 84484, 87314, 87970, 50358, 87149, 87951, 20756, 25364, 30456, 26838, 26024, 25963, 20284, 80401, 23628, 35590, 26262, 35315, 35417, 35480, 26127, 35280, 26915, 26839, 20704, 26056, 26846, 30655, 26764, 20694, 10023, 26952, 50151, 50456, 50385, 80453, 20749, 26811, 80555, 50320, 26530, 20681, 50462, 20675, 26190, 26762, 20625, 26574, 30433, 30498, 86281, 30641, 20493, 26907, 30346, 80071, 20732, 12303, 12284, 26234, 30478, 12209, 12304, 87244, 87386, 12292, 86915, 86643, 26474, 12268, 26585, 12263, 12282, 87583, 86263, 87856, 87282, 87339, 88000, 26411, 12044, 20722, 12277, 12254, 12306, 26938, 30390, 26063, 87839, 87159, 88009, 80418, 12210, 20715, 30135, 25365, 25560, 80297, 12226, 20602, 30432, 20638, 12105, 20274, 26813, 23722, 26779, 23744, 23715, 23734, 20677, 26829, 80437, 35552, 87133, 30285, 23688, 23354, 23936, 23916, 50378, 26828, 23352, 23652, 80429, 20719, 23836, 20032, 80546, 80334, 20757, 80529, 50227, 23789, 23791, 23808, 23686, 23379, 87074, 20620, 23748, 26233, 26138, 20608, 23948, 80419, 35440, 35600, 26977, 26120, 23949, 26137, 23955, 23823, 80506, 20634, 23266, 26765, 23850, 26238, 26551, 75840, 74030, 74137, 30462, 29246, 26202, 20652, 961, 87592, 1335, 1162, 969, 1013, 80121, 955, 1225, 826, 1300, 1290, 803, 87174, 80489, 1279, 985, 1060, 1112, 80532, 990, 797, 1054, 1027, 1270, 1201, 1213, 1322, 1219, 80055, 80342, 87692, 80393, 1477, 1283, 1342, 1424, 1326, 1475, 1312, 80391, 1293, 80494, 1094, 763, 1095, 1268, 1367, 1345, 80557, 80158, 1042, 974, 1444, 972, 1074, 1224, 1183, 1237, 1418, 335, 1125, 1235, 80540, 80234, 1332, 1329, 80528, 1264, 1158, 1252, 1446, 1459, 80283, 80550, 1336, 1208, 1096, 74006, 80136, 1299, 80445, 80200, 1442, 80031, 943, 897, 80276, 1454, 1028, 1262, 1082, 1429, 87224, 87225, 87245, 87374, 87948, 87492, 87421, 88024, 26709, 50447, 26136, 40664, 40348, 40673, 40670, 40337, 40694, 80272, 40061, 40701, 40520, 40617, 40356, 25494, 26260, 30377, 26175, 30461, 30370, 20588, 26261, 26966, 26816, 30326, 30451, 20693, 30437, 50384, 50235, 26001, 87702, 87365, 73782, 76016, 87155, 25164, 26716, 26553, 80198, 35421, 87950, 26960, 26961, 1239, 80426, 80344, 1214, 1234, 80340, 80325, 1108, 704, 1426, 1372, 1189, 80545, 1466, 965, 1374, 1304, 1427, 1051, 1043, 1061, 1435, 1359, 1316, 1291, 1333, 1115, 80322, 1086, 1100, 1105, 75517, 76083, 75383, 87315, 87776, 87487, 50291, 50368, 20165, 50007, 50308, 26396, 50263, 50469, 50178, 50393, 26567, 75732, 1437, 74048, 87959, 87943, 86952, 84275, 67074, 87180, 23664, 23801, 26507, 67077, 941, 70415, 70283, 80260, 971, 29145, 86929, 26281, 87677, 35446, 1130, 1302, 80251, 77165, 87873, 88056, 87829, 50343, 50403, 40161, 40399, 50377, 87452, 87773, 10247, 20488, 26187, 10232, 26819, 20651, 80509, 23937, 23656, 26872, 87969, 87278, 87106, 87783, 88038, 23803, 23519, 40480, 40477, 26168, 26286, 50421, 80514, 26889, 20609, 67018, 26801, 26452, 80389, 30566, 30496, 20688, 29218, 30435, 30429, 30479, 26747, 26802, 30392, 26240, 80491, 20463, 87366, 80534, 82337, 87514, 50333, 87215, 87416, 88080, 86894, 87638, 87122, 87925, 87841, 87593, 87923, 87766, 87817, 87483, 50158, 50463, 26896, 87329, 87672, 87745, 20016, 80293, 88083, 26533, 12298, 26544, 20487, 10271, 87770, 87293, 87183, 50315, 87569, 87316, 26298, 65048, 87842, 30291, 30351, 80326, 29196, 35572, 26674, 35363, 35587, 20703, 35571, 35452, 35408, 26173, 20724, 26256, 26901, 26432, 20653, 35531, 25408, 23915, 77214, 86836, 87380, 87740, 35434, 87779, 35550, 35476, 26266, 35425, 20739, 35406, 75029, 26424, 87631, 35229, 35410, 20712, 26514, 20697, 35495, 25633, 25532, 25526, 35462, 35320, 20737, 26278, 87340, 30494, 88011, 23580, 50328, 20584, 50303, 26837, 26971, 23894, 23427, 23674, 80274, 23727, 26206, 20474, 88032, 88085, 40695, 86741, 87621, 84225, 10261, 86987, 3219, 88072, 774, 87717, 87283, 656, 3179, 3278, 3111, 3104, 3207, 87318, 29278, 87322, 86798, 26774, 87263, 80231, 30489, 30357, 26911, 30388, 20598, 30075, 30484, 80368, 73874, 25713, 26022, 26497, 26746, 20696, 77308, 25804, 20705, 35148, 20494, 26463, 20684, 20729, 35598, 20559, 26177, 35577, 35553, 35175, 40140, 40671, 40631, 87625, 40678, 40687, 40222, 40380, 40105, 40549, 40604, 40600, 30637, 30441, 26185, 25952, 30404, 30399, 30301, 20240, 25826, 29284, 65122, 30477, 30555, 30312, 29127, 30647, 88044, 3262, 3269, 12290, 87189, 87737, 74080, 77268, 26934, 26599, 12236, 26186, 12244, 12278, 20585, 12294, 88002, 12094, 29207, 29110, 12272, 87254, 87780, 87942, 29240, 20769, 25059, 82277, 73425, 80541, 73040, 20711, 26843, 20740, 20622, 26332, 20770, 26490, 20761, 26354, 26462, 30333, 77208, 12154, 75873, 30294, 75890, 74020, 75598, 74013, 75939, 73852, 76082, 77170, 70353, 74032, 26679, 50379, 50404, 26750, 75616, 75502, 86072, 26860, 50304, 82267, 87765, 50416, 87901, 87065, 80312, 75643, 86666, 82318, 87242, 87510, 87390, 87878, 87206, 26874, 86969, 88058, 30642, 87988, 26823, 26200, 86780, 87605, 86402, 30360, 26876, 35464, 35508, 20649, 26805, 20115, 87129, 87913, 26725, 88081, 87426, 87486, 25763, 30532, 20668, 20768, 20767, 20511, 20680, 20591, 26877, 26759, 23002, 23648, 23604, 23965, 80513, 23548, 26410, 87304, 29262, 23343, 23954, 23733, 23951, 23869, 20682, 26310, 80458, 20641, 23716, 20464, 26903, 26066, 23574, 26156, 80324, 23793, 23930, 20633, 80313, 23865, 23910, 23109, 80567, 80485, 23898, 80317, 23931, 35142, 25474, 88059, 86737, 87440, 86166, 87896, 87203, 87937, 86435, 82271, 87500, 87606, 73797, 87873, 87878, 87896, 
-------------------------------------------------------------
Unknown Year/Make/Model:
117100770, 117098888, 117100126, 117100658, 117098672, 117098928, 117098785, 117099962, 117098863, 117098768, 117100167, 117098915, 117098782, 117099766, 117098892, 117100186, 117098790, 117100393, 117100125, 117100129, 117099503, 117074245, 117078306, 117074290, 117079486, 117099985, 117073989, 117098776, 117098775, 117084580, 117084583, 117098788, 117074700, 117084603, 117074720, 117084641, 117085303, 117098860, 117098895, 117084751, 117100339, 

Shuppin: 

80525, 70374, 76019, 80412, 65116, 70413, 70205, 75854, 70347, 70162, 76060, 70400, 70198, 75654, 70378, 76079, 70211, 77292, 76018, 76022, 75144, 75212, 35193, 75279, 80132, 75877, 70045, 70187, 70185, 70199, 70202, 70209, 65025, 70256, 65055, 70317, 65086, 70344, 70381, 77103, 77238, 
-------------------------------------------------------------
Unknown Chassis Prefix:
No issues
-------------------------------------------------------------
No Transmission/Color/Fuel Type:
117100562, 117099209, 117098170, 117098257, 117098066, 117098685, 117098888, 117098687, 117101243, 117098900, 117098932, 117100408, 117101275, 117100126, 117098805, 117100658, 117098672, 117098928, 117098630, 117098785, 117099962, 117098863, 117098768, 117098944, 117100167, 117100024, 117098781, 117098655, 117100070, 117098686, 117099783, 117098698, 117098662, 117098894, 117098915, 117098782, 117095996, 117098791, 117098889, 117099766, 117098794, 117098892, 117100186, 117099627, 117099502, 117098790, 117098779, 117098037, 117095973, 117085308, 117074468, 117074167, 117101297, 117100393, 117100386, 117100125, 117100113, 117100129, 117085323, 117074191, 117099503, 117074231, 117074245, 117085341, 117074263, 117085343, 117099517, 117074291, 117074290, 117099532, 117084668, 117084707, 117099578, 117099586, 117099588, 117099620, 117099647, 117099662, 117099682, 117099700, 117099724, 117099743, 117099824, 117099869, 117094199, 117099885, 117080900, 117099919, 117079486, 117099985, 117099989, 117073989, 117073996, 117084548, 117074154, 117084554, 117074056, 117074058, 117074061, 117074070, 117084573, 117098772, 117098776, 117098775, 117084577, 117077059, 117074685, 117084580, 117084581, 117084582, 117098784, 117084584, 117084583, 117077060, 117098787, 117084585, 117076879, 117098788, 117098797, 117074695, 117098798, 117098800, 117098807, 117084603, 117084611, 117074720, 117074729, 117098838, 117084640, 117084643, 117084642, 117084644, 117074737, 117084641, 117085303, 117098848, 117098857, 117098860, 117098862, 117098865, 117074750, 117098873, 117085306, 117098876, 117098890, 117098893, 117098895, 117098901, 117098912, 117098922, 117098924, 117072911, 117072914, 117074424, 117074127, 117084751, 117079462, 117100339, 117084388, 117101070, 117099059, 117101067, 117093600, 117099267, 117099417, 

Shuppin: 

80314, 74033, 40570, 40660, 40264, 65129, 70374, 65131, 84561, 70386, 70417, 77306, 84594, 76019, 70227, 80412, 65116, 70413, 50468, 70205, 75854, 70347, 70162, 70429, 76060, 75917, 70197, 65020, 75964, 65130, 75671, 65142, 65104, 70380, 70400, 70198, 23929, 70212, 70375, 75654, 70215, 70378, 76079, 75509, 75139, 70211, 70194, 40090, 23906, 75001, 75026, 75083, 84615, 77292, 77285, 76018, 76006, 76022, 75110, 75126, 75144, 75189, 75212, 75221, 75237, 75238, 75277, 75280, 75279, 75351, 75379, 75439, 75459, 75467, 75469, 75501, 75529, 75546, 75568, 75587, 75612, 75631, 75712, 75758, 80011, 75774, 80065, 75808, 80132, 75877, 75881, 70045, 70056, 70064, 70075, 70087, 70149, 70154, 70157, 70171, 70181, 70182, 70187, 70185, 70190, 65001, 65005, 70199, 70200, 70201, 70203, 70204, 70202, 65012, 70208, 70206, 73182, 70209, 70218, 65018, 70219, 70221, 70229, 70256, 70269, 65055, 65068, 70306, 70316, 70319, 70318, 70320, 65079, 70317, 65086, 70332, 70341, 70344, 70346, 70349, 65098, 70357, 65105, 70361, 70376, 70379, 70381, 70387, 70398, 70407, 70409, 73387, 73394, 30244, 77079, 77103, 40298, 77238, 73772, 84382, 73771, 84379, 40528, 74094, 74249, 
-------------------------------------------------------------
No Equipment:
No issues
-------------------------------------------------------------
Additional Photos Show 'No Foto':
No issues
-------------------------------------------------------------
No Auction Sheet:
No issues
-------------------------------------------------------------
