#############################################################
USS Tokyo Errors: 

Data Collection lasted for 29 minutes and 33.8 seconds.
Error checking completed within 0.1 seconds.
Finished checking on Thursday, 23. January 2020 07:33AM 
#############################################################

No Main Image:
No issues
-------------------------------------------------------------
Japanese Characters:
No issues
-------------------------------------------------------------
Unknown Year/Make/Model:
116405536, 116405575, 116415584, 116414393, 116414446, 116415024, 116404782, 116395317, 116404888, 116404889, 

Shuppin: 

75834, 75877, 75906, 75932, 76024, 80401, 73522, 70328, 73778, 73779, 
-------------------------------------------------------------
Unknown Chassis Prefix:
116390541, 116390626, 116390630, 116390635, 116400040, 116400043, 116390768, 116390793, 116390814, 116390829, 116390830, 116390834, 116390839, 116396976, 116397025, 116415796, 116397068, 116397077, 116397092, 116397091, 116397099, 116403538, 116405541, 116414414, 116414421, 116388812, 116391102, 116414485, 116400690, 116391114, 116415024, 116415031, 116391140, 116400693, 116390011, 116391153, 116396751, 116391158, 116390038, 116390036, 116390040, 116390039, 116400699, 116390052, 116390058, 116390059, 116390063, 116390065, 116390068, 116405424, 116415570, 116415574, 116390116, 116415097, 116392760, 116396762, 116396772, 116403468, 116415114, 116396774, 116390145, 116396773, 116390146, 116390149, 116390150, 116390152, 116390153, 116390155, 116390157, 116405436, 116390183, 116390182, 116390184, 116403472, 116405441, 116405442, 116404692, 116396823, 116403478, 116396834, 116396833, 116395317, 116404703, 116404707, 116403481, 116415248, 116415251, 116415252, 116415576, 116415582, 116390213, 116390245, 116390244, 116404868, 116390296, 116389688, 116404889, 116406387, 116415600, 

Shuppin: 

75043, 75137, 75141, 75147, 75201, 75234, 75296, 75325, 75348, 75364, 75365, 75370, 75375, 75563, 75624, 23822, 75680, 75693, 75710, 75709, 75719, 75822, 75840, 75975, 75987, 73092, 65005, 76080, 65015, 65019, 80401, 80419, 65050, 65058, 70001, 65065, 70014, 65072, 70032, 70030, 70034, 70033, 65087, 70048, 70054, 70055, 70060, 70062, 70065, 65105, 65108, 65118, 70119, 80596, 73408, 70158, 70172, 70173, 80622, 70175, 70176, 70174, 70177, 70181, 70182, 70184, 70185, 70187, 70189, 70199, 70220, 70219, 70221, 70244, 70250, 70253, 70289, 70304, 70307, 70324, 70323, 70328, 70326, 70337, 70338, 70376, 70383, 70385, 70390, 70400, 77025, 77062, 77061, 73739, 77118, 77119, 73779, 77221, 77266, 
-------------------------------------------------------------
No Transmission/Color/Fuel Type:
116390541, 116390588, 116390625, 116390626, 116390630, 116390635, 116391326, 116400040, 116400043, 116390768, 116390777, 116390793, 116390814, 116390829, 116390830, 116390834, 116390839, 116396976, 116405233, 116397025, 116415796, 116397068, 116393121, 116397077, 116397092, 116397091, 116397099, 116397129, 116403538, 116405541, 116405552, 116414381, 116388766, 116414414, 116414421, 116388812, 116388855, 116391102, 116414485, 116400690, 116391114, 116415024, 116415031, 116391140, 116400693, 116390011, 116391153, 116396751, 116391158, 116390038, 116390036, 116390040, 116390039, 116400699, 116390052, 116390058, 116390059, 116390063, 116405421, 116390065, 116390068, 116405424, 116415570, 116415574, 116390116, 116415097, 116392760, 116396762, 116396772, 116403468, 116415114, 116396774, 116390145, 116396773, 116390146, 116390149, 116390150, 116390152, 116390153, 116390155, 116390157, 116390164, 116405436, 116390183, 116390182, 116390184, 116403472, 116405441, 116405442, 116404692, 116396823, 116403478, 116396834, 116396833, 116395317, 116404703, 116404707, 116403481, 116415248, 116415251, 116415252, 116415576, 116415582, 116390213, 116390232, 116390245, 116390244, 116404868, 116390278, 116390296, 116389688, 116404889, 116400814, 116406387, 116415600, 116405065, 116414717, 116415280, 

Shuppin: 

75043, 75095, 75136, 75137, 75141, 75147, 12132, 75201, 75234, 75296, 75306, 75325, 75348, 75364, 75365, 75370, 75375, 75563, 20308, 75624, 23822, 75680, 10144, 75693, 75710, 75709, 75719, 75761, 75822, 75840, 75852, 75907, 73040, 75975, 75987, 73092, 73139, 65005, 76080, 65015, 65019, 80401, 80419, 65050, 65058, 70001, 65065, 70014, 65072, 70032, 70030, 70034, 70033, 65087, 70048, 70054, 70055, 70060, 65102, 70062, 70065, 65105, 65108, 65118, 70119, 80596, 73408, 70158, 70172, 70173, 80622, 70175, 70176, 70174, 70177, 70181, 70182, 70184, 70185, 70187, 70189, 70198, 70199, 70220, 70219, 70221, 70244, 70250, 70253, 70289, 70304, 70307, 70324, 70323, 70328, 70326, 70337, 70338, 70376, 70383, 70385, 70390, 70400, 77025, 77047, 77062, 77061, 73739, 77098, 77118, 77119, 73779, 73838, 77221, 77266, 84347, 40785, 74207, 
-------------------------------------------------------------
No Equipment:
No issues
-------------------------------------------------------------
Additional Photos Show 'No Foto':
No issues
-------------------------------------------------------------
No Auction Sheet:
No issues
-------------------------------------------------------------
