#############################################################
USS Tokyo Errors: 

Data Collection lasted for 40 minutes and 21.8 seconds.
Error checking completed within 0.1 seconds.
Finished checking on Thursday, 19. September 2019 07:00AM 
#############################################################

No Main Image:
No issues
-------------------------------------------------------------
Japanese Characters:
No issues
-------------------------------------------------------------
Unknown Year/Make/Model:
114160257, 114153157, 114153134, 114159050, 114153312, 114151255, 114153053, 114153169, 114151247, 114153064, 114153143, 114153148, 114142676, 

Shuppin: 

70306, 70156, 70127, 70193, 75033, 70121, 65063, 70171, 70113, 65080, 70139, 70145, 80010, 
-------------------------------------------------------------
Unknown Chassis Prefix:
114153203, 114151205, 114154110, 114151246, 114160242, 114147380, 114147382, 114160615, 114151255, 114159048, 114153483, 114153163, 114153436, 114160258, 114143914, 114153144, 114145623, 114153614, 114142574, 114153581, 114145613, 114145612, 114153604, 114153643, 114142557, 114148464, 114143895, 114142556, 114153142, 114153334, 114162779, 114151245, 114142572, 114151316, 114147250, 114145619, 114141974, 114159126, 114160592, 114159111, 114142647, 114151310, 114145658, 114153058, 114153573, 114153098, 114151197, 114142652, 114150494, 114154030, 114153053, 114153169, 114160564, 114148463, 114153303, 114147428, 114153093, 114151248, 114143972, 114142570, 114142659, 114145617, 114150527, 114153359, 114148486, 114159045, 114151247, 114153622, 114160374, 114153073, 114143951, 114153069, 114153288, 114160263, 114153162, 114159047, 114142634, 114153072, 114151309, 114147239, 114142561, 114147326, 114147233, 114160566, 114153394, 114153458, 114151254, 114159073, 114153064, 114153143, 114160498, 114159079, 114159101, 114153195, 114147238, 114160570, 114142562, 114160620, 114160247, 114153161, 114153074, 114147358, 114154131, 114153193, 114153200, 114153610, 114154112, 114148622, 114153148, 114149050, 114147327, 114160250, 114142553, 114142558, 114160262, 114153145, 114159097, 114148467, 114160240, 114153425, 114145631, 114147255, 114153320, 114150545, 114159027, 114147315, 114147246, 114148478, 114142564, 114160398, 114160261, 114160427, 114160232, 114160241, 114145614, 114145615, 114151251, 114142573, 114153183, 114142676, 

Shuppin: 

70214, 65036, 73483, 70112, 70276, 77034, 77036, 77201, 70121, 70180, 75506, 70165, 75319, 70308, 70265, 70140, 70041, 77162, 70261, 77124, 70031, 70030, 77150, 77196, 70005, 70072, 70009, 70004, 70138, 75064, 80237, 70111, 70259, 75488, 70063, 70037, 75342, 80307, 75915, 80259, 75370, 75482, 73295, 65072, 77112, 65120, 65028, 75610, 73366, 73237, 65063, 70171, 75843, 70071, 75023, 80225, 65114, 70114, 73537, 70257, 75620, 70035, 75466, 75102, 70094, 70157, 70113, 77171, 73834, 65090, 73278, 65085, 75006, 70313, 70163, 70164, 75118, 65089, 75481, 70052, 70244, 75159, 70046, 75850, 75269, 75344, 70120, 77111, 65080, 70139, 75739, 77182, 80226, 70203, 70051, 75862, 70245, 77208, 70284, 70162, 65091, 75423, 73548, 70201, 70210, 77158, 73485, 75461, 70145, 86616, 75160, 70292, 70001, 70006, 70312, 70142, 80136, 70075, 70249, 75306, 73032, 70068, 75045, 77083, 65088, 73576, 70059, 70086, 70247, 75503, 70311, 75649, 70141, 70266, 70032, 70033, 70117, 70260, 70189, 80010, 
-------------------------------------------------------------
No Transmission/Color/Fuel Type:
114160460, 114153151, 114141965, 114150538, 114153298, 114153302, 114162703, 114152740, 114142555, 114158970, 114160244, 114154220, 114143897, 114153067, 114142625, 114160227, 114145015, 114143093, 114147367, 114153203, 114151205, 114154110, 114151246, 114160242, 114147380, 114147382, 114160615, 114151255, 114159048, 114153483, 114153163, 114153436, 114160258, 114143914, 114153144, 114145623, 114153614, 114142574, 114153581, 114145613, 114145612, 114153604, 114153643, 114142557, 114148464, 114143895, 114142556, 114153142, 114153334, 114162779, 114151245, 114142572, 114151316, 114147250, 114145619, 114141974, 114159126, 114160592, 114159111, 114142647, 114151310, 114145658, 114153058, 114153573, 114153098, 114151197, 114142652, 114150494, 114154030, 114153053, 114153169, 114160564, 114148463, 114153303, 114147428, 114153093, 114151248, 114143972, 114142570, 114142659, 114145617, 114150527, 114153359, 114148486, 114159045, 114151247, 114153622, 114160374, 114153073, 114143951, 114153069, 114153288, 114160263, 114153162, 114159047, 114142634, 114153072, 114151309, 114147239, 114142561, 114147326, 114147233, 114160566, 114153394, 114153458, 114151254, 114159073, 114153064, 114153143, 114160498, 114159079, 114159101, 114153195, 114147238, 114160570, 114142562, 114160620, 114160247, 114153161, 114153074, 114147358, 114154131, 114153193, 114153200, 114153610, 114154112, 114148622, 114153148, 114149050, 114147327, 114160250, 114142553, 114142558, 114160262, 114153145, 114159097, 114148467, 114160240, 114153425, 114145631, 114147255, 114153320, 114150545, 114159027, 114147315, 114147246, 114148478, 114142564, 114160398, 114160261, 114160427, 114160232, 114160241, 114145614, 114145615, 114151251, 114142573, 114153183, 114142676, 114142563, 114160173, 

Shuppin: 

75688, 70148, 73488, 75477, 75017, 75021, 26260, 213, 70003, 40567, 70280, 73767, 70011, 65083, 75106, 65139, 10127, 10111, 75432, 70214, 65036, 73483, 70112, 70276, 77034, 77036, 77201, 70121, 70180, 75506, 70165, 75319, 70308, 70265, 70140, 70041, 77162, 70261, 77124, 70031, 70030, 77150, 77196, 70005, 70072, 70009, 70004, 70138, 75064, 80237, 70111, 70259, 75488, 70063, 70037, 75342, 80307, 75915, 80259, 75370, 75482, 73295, 65072, 77112, 65120, 65028, 75610, 73366, 73237, 65063, 70171, 75843, 70071, 75023, 80225, 65114, 70114, 73537, 70257, 75620, 70035, 75466, 75102, 70094, 70157, 70113, 77171, 73834, 65090, 73278, 65085, 75006, 70313, 70163, 70164, 75118, 65089, 75481, 70052, 70244, 75159, 70046, 75850, 75269, 75344, 70120, 77111, 65080, 70139, 75739, 77182, 80226, 70203, 70051, 75862, 70245, 77208, 70284, 70162, 65091, 75423, 73548, 70201, 70210, 77158, 73485, 75461, 70145, 86616, 75160, 70292, 70001, 70006, 70312, 70142, 80136, 70075, 70249, 75306, 73032, 70068, 75045, 77083, 65088, 73576, 70059, 70086, 70247, 75503, 70311, 75649, 70141, 70266, 70032, 70033, 70117, 70260, 70189, 80010, 70246, 30385, 
-------------------------------------------------------------
No Equipment:
No issues
-------------------------------------------------------------
Additional Photos Show 'No Foto':
No issues
-------------------------------------------------------------
No Auction Sheet:
No issues
-------------------------------------------------------------
