#############################################################
Arai Van Truck Errors: 

Data Collection lasted for 20 minutes and 43.5 seconds.
Error checking completed within 0.1 seconds.
Finished checking on Friday, 24. May 2019 11:51PM 
#############################################################

No Main Image:
No issues
-------------------------------------------------------------
Japanese Characters:
111940315, 111943981, 111918534, 111923653, 

Shuppin: 

5624, 7242, 8349, 5430, 
-------------------------------------------------------------
Unknown Year/Make/Model:
111938451, 111901193, 111938376, 111901574, 111943710, 111938649, 111922620, 111918471, 111922654, 111943245, 111943743, 111922621, 111943654, 111901430, 111938556, 111940255, 111943774, 111918297, 111902168, 111902163, 111923830, 111949489, 111923788, 111943811, 111902174, 111943501, 111943624, 111902234, 111943835, 111938527, 111923632, 111944166, 111938497, 111902151, 111943470, 111949485, 111918381, 111943662, 111918400, 111915066, 111938548, 111901732, 111943436, 111901224, 111949412, 111943597, 111943583, 111902258, 111949491, 111949458, 111943852, 111923798, 111943722, 111938526, 111918329, 111911007, 111943508, 111943182, 

Shuppin: 

3489, 3177, 2826, 8311, 6067, 5886, 5107, 5379, 5776, 2850, 6110, 5141, 6011, 2816, 5477, 5369, 6169, 5080, 4523, 4517, 5763, 8795, 5086, 6209, 4537, 5684, 5981, 4705, 6235, 5433, 5105, 951, 5054, 4501, 5618, 8791, 5244, 6019, 5270, 1327, 5469, 4709, 5358, 6709, 6202, 5954, 5940, 4756, 8800, 8387, 6254, 5108, 6079, 5399, 5177, 1316, 5722, 1352, 
-------------------------------------------------------------
Unknown Chassis Prefix:
No issues
-------------------------------------------------------------
No Transmission/Color/Fuel Type:
111922606, 111938451, 111901193, 111901506, 111901502, 111938462, 111922059, 111938376, 111918281, 111901574, 111943710, 111938649, 111922620, 111918471, 111918445, 111943245, 111943743, 111922621, 111901430, 111938556, 111943615, 111918316, 111940255, 111943774, 111918297, 111902168, 111943625, 111938534, 111918295, 111918411, 111923830, 111940308, 111923802, 111918394, 111940272, 111918397, 111943579, 111949489, 111923788, 111943811, 111902174, 111915096, 111940283, 111943450, 111943501, 111943624, 111940264, 111915061, 111943876, 111943753, 111902234, 111901456, 111901476, 111943795, 111949482, 111943587, 111943659, 111940310, 111918399, 111949440, 111938604, 111923659, 111943835, 111938551, 111943784, 111923632, 111943577, 111943634, 111923662, 111943442, 111940426, 111944166, 111943724, 111943519, 111938497, 111902237, 111940335, 111940336, 111918358, 111943915, 111938493, 111943178, 111902015, 111949422, 111902151, 111943470, 111949485, 111943662, 111949460, 111938554, 111918400, 111915066, 111938548, 111948635, 111918534, 111901732, 111943436, 111938505, 111943670, 111938616, 111923651, 111938601, 111923674, 111901224, 111949412, 111943597, 111943583, 111902258, 111949491, 111943779, 111949458, 111918502, 111918535, 111943852, 111923798, 111940211, 111943437, 111949469, 111940367, 111943722, 111922615, 111943759, 111918463, 111938526, 111918329, 111911007, 111943508, 111902082, 111922058, 111943500, 111943184, 111918429, 111901244, 111943526, 111943182, 111949437, 111918353, 111943346, 111901206, 111901544, 111943612, 111943868, 111943570, 111943737, 111918342, 111943808, 111938630, 111948634, 111938613, 111949291, 111949365, 111949389, 111902050, 111943316, 111949305, 111938420, 111915177, 111923759, 111923778, 111949340, 111949336, 111949400, 111943761, 111940392, 

Shuppin: 

3264, 3489, 3177, 3217, 3200, 3500, 3438, 2826, 5038, 8311, 6067, 5886, 5107, 5379, 5318, 2850, 6110, 5141, 2816, 5477, 5972, 5154, 5369, 6169, 5080, 4523, 5982, 5455, 5078, 5281, 5763, 5597, 5112, 5263, 5524, 5267, 5936, 8795, 5086, 6209, 4537, 5019, 5555, 5504, 5684, 5981, 5493, 1308, 6284, 6120, 4705, 3069, 3125, 6192, 8771, 5944, 6016, 5605, 5269, 6385, 5579, 5708, 6235, 5472, 6179, 5105, 5934, 5991, 5766, 5368, 8609, 951, 6082, 5823, 5054, 4715, 5678, 5681, 5217, 6323, 5050, 1348, 2810, 6339, 4501, 5618, 8791, 6019, 8392, 5475, 5270, 1327, 5469, 6355, 8349, 4709, 5358, 5120, 6027, 5639, 5411, 5568, 8353, 6709, 6202, 5954, 5940, 4756, 8800, 6174, 8387, 5446, 8350, 6254, 5108, 2824, 5360, 8407, 5817, 6079, 5089, 6127, 5349, 5399, 5177, 1316, 5722, 3127, 3436, 5683, 1354, 5301, 8327, 5830, 1352, 6376, 5212, 3622, 4613, 4716, 5969, 6276, 5923, 6104, 5195, 6206, 5805, 6353, 5604, 3631, 3845, 4013, 3057, 3587, 3656, 3453, 8713, 3350, 3433, 3725, 3721, 6137, 6130, 5907, 
-------------------------------------------------------------
No Equipment:
No issues
-------------------------------------------------------------
Additional Photos Show 'No Foto':
No issues
-------------------------------------------------------------
No Auction Sheet:
No issues
-------------------------------------------------------------
