#############################################################
USS Yokohama Errors: 

Data Collection lasted for 15 minutes and 18.5 seconds.
Error checking completed within 0.1 seconds.
Finished checking on Tuesday, 11. February 2020 06:53AM 
#############################################################

No Main Image:
No issues
-------------------------------------------------------------
Japanese Characters:
116744752, 116744025, 

Shuppin: 

90091, 84194, 
-------------------------------------------------------------
Unknown Year/Make/Model:
116746331, 116767990, 116744685, 116744229, 116768045, 116768072, 

Shuppin: 

62121, 80129, 90020, 86180, 86389, 86416, 
-------------------------------------------------------------
Unknown Chassis Prefix:
116746331, 116746397, 116745433, 116745491, 116750884, 116767990, 116744685, 116744452, 116744546, 116744619, 116744005, 116744027, 116768957, 116768021, 116744080, 116744142, 116744155, 116744228, 116744229, 116744227, 116744230, 116747074, 116744252, 116744256, 116744269, 116747146, 116744323, 116744330, 116744340, 116768045, 116768072, 116768080, 

Shuppin: 

62121, 62196, 70009, 70069, 80037, 80129, 90020, 82051, 84012, 84086, 84174, 84196, 84236, 84235, 86027, 86091, 86105, 86179, 86180, 86178, 86181, 40005, 86205, 86209, 86222, 60077, 86279, 86287, 86298, 86389, 86416, 86424, 
-------------------------------------------------------------
No Transmission/Color/Fuel Type:
116746331, 116746397, 116767319, 116745433, 116745491, 116744929, 116750884, 116767990, 116744685, 116744452, 116744546, 116744593, 116744619, 116744005, 116744027, 116768019, 116768957, 116768021, 116744080, 116744142, 116744155, 116744228, 116744229, 116744227, 116744230, 116747070, 116747075, 116747074, 116744252, 116744256, 116744269, 116747146, 116744323, 116744330, 116744340, 116768045, 116768072, 116768080, 

Shuppin: 

62121, 62196, 62831, 70009, 70069, 50072, 80037, 80129, 90020, 82051, 84012, 84059, 84086, 84174, 84196, 84233, 84236, 84235, 86027, 86091, 86105, 86179, 86180, 86178, 86181, 40001, 40006, 40005, 86205, 86209, 86222, 60077, 86279, 86287, 86298, 86389, 86416, 86424, 
-------------------------------------------------------------
No Equipment:
No issues
-------------------------------------------------------------
Additional Photos Show 'No Foto':
No issues
-------------------------------------------------------------
No Auction Sheet:
No issues
-------------------------------------------------------------
